xof 0303txt 0032

template XSkinMeshHeader {
  <3cf169ce-ff7c-44ab-93c0-f78f62d172e2>
  WORD nMaxSkinWeightsPerVertex;
  WORD nMaxSkinWeightsPerFace;
  WORD nBones;
}

template SkinWeights {
  <6f0d123b-bad2-4167-a0d0-80224f25fabb>
  STRING transformNodeName;
  DWORD nWeights;
  array DWORD vertexIndices[nWeights];
  array float weights[nWeights];
  Matrix4x4 matrixOffset;
}

Frame Root {
  FrameTransformMatrix {
     1.000000, 0.000000, 0.000000, 0.000000,
     0.000000,-0.000000,-1.000000, 0.000000,
     0.000000, 1.000000,-0.000000, 0.000000,
     0.000000, 0.000000, 0.000000, 1.000000;;
  }
  Frame Armature {
    FrameTransformMatrix {
       0.010000, 0.000000, 0.000000, 0.000000,
       0.000000,-0.000000, 0.010000, 0.000000,
       0.000000,-0.010000,-0.000000, 0.000000,
       0.000000, 0.000000, 0.000000, 1.000000;;
    }
    Frame Armature_mixamorig_Hips {
      FrameTransformMatrix {
         0.987068, 0.034240,-0.156600, 0.000000,
        -0.026487, 0.998330, 0.051333, 0.000000,
         0.158096,-0.046522, 0.986327, 0.000000,
        -17.299072,82.977654,14.801814, 1.000000;;
      }
      Frame Armature_mixamorig_LeftUpLeg {
        FrameTransformMatrix {
          -0.900873,-0.426776,-0.079326, 0.000000,
           0.430275,-0.902087,-0.033237, 0.000000,
          -0.057368,-0.064054, 0.996406, 0.000000,
          13.656001,-7.135300, 0.129700, 1.000000;;
        }
        Frame Armature_mixamorig_LeftLeg {
          FrameTransformMatrix {
             0.993556,-0.077061, 0.083116, 0.000000,
             0.112663, 0.591188,-0.798626, 0.000000,
             0.012406, 0.802843, 0.596061, 0.000000,
            -0.000002,35.949703,-0.000001, 1.000000;;
          }
          Frame Armature_mixamorig_LeftFoot {
            FrameTransformMatrix {
               0.969597,-0.222163,-0.102592, 0.000000,
               0.240409, 0.786581, 0.568766, 0.000000,
              -0.045661,-0.576138, 0.816076, 0.000000,
               0.000000,34.409229, 0.000000, 1.000000;;
            }
            Frame Armature_mixamorig_LeftToeBase {
              FrameTransformMatrix {
                 0.954340,-0.111923,-0.276965, 0.000000,
                 0.289281, 0.114980, 0.950314, 0.000000,
                -0.074516,-0.987043, 0.142107, 0.000000,
                 0.000002,21.286983, 0.000000, 1.000000;;
              }
              Frame Armature_mixamorig_LeftToe_End {
                FrameTransformMatrix {
                   1.000000, 0.000000,-0.000000, 0.000000,
                  -0.000000, 1.000000,-0.000000, 0.000000,
                  -0.000000, 0.000000, 1.000000, 0.000000,
                   0.000000,16.881935,-0.000001, 1.000000;;
                }
              } // End of Armature_mixamorig_LeftToe_End
            } // End of Armature_mixamorig_LeftToeBase
          } // End of Armature_mixamorig_LeftFoot
        } // End of Armature_mixamorig_LeftLeg
      } // End of Armature_mixamorig_LeftUpLeg
      Frame Armature_mixamorig_RightUpLeg {
        FrameTransformMatrix {
          -0.907390, 0.073445,-0.413867, 0.000000,
          -0.232872,-0.907515, 0.349579, 0.000000,
          -0.349877, 0.413549, 0.840672, 0.000000,
          -13.655997,-7.135205, 0.129699, 1.000000;;
        }
        Frame Armature_mixamorig_RightLeg {
          FrameTransformMatrix {
             0.997904,-0.064623, 0.003304, 0.000000,
             0.035358, 0.501820,-0.864249, 0.000000,
             0.054192, 0.862555, 0.503053, 0.000000,
            -0.000002,35.949703,-0.000004, 1.000000;;
          }
          Frame Armature_mixamorig_RightFoot {
            FrameTransformMatrix {
               0.991659, 0.071288, 0.107378, 0.000000,
              -0.115219, 0.116940, 0.986433, 0.000000,
               0.057764,-0.990577, 0.124179, 0.000000,
               0.000000,34.409222, 0.000001, 1.000000;;
            }
            Frame Armature_mixamorig_RightToeBase {
              FrameTransformMatrix {
                 0.963327, 0.268219,-0.007777, 0.000000,
                -0.168073, 0.625730, 0.761717, 0.000000,
                 0.209174,-0.732475, 0.647863, 0.000000,
                -0.000001,21.286987, 0.000001, 1.000000;;
              }
              Frame Armature_mixamorig_RightToe_End {
                FrameTransformMatrix {
                   1.000000,-0.000000,-0.000000, 0.000000,
                   0.000000, 1.000000, 0.000000, 0.000000,
                   0.000000,-0.000000, 1.000000, 0.000000,
                   0.000000,16.881935,-0.000001, 1.000000;;
                }
              } // End of Armature_mixamorig_RightToe_End
            } // End of Armature_mixamorig_RightToeBase
          } // End of Armature_mixamorig_RightFoot
        } // End of Armature_mixamorig_RightLeg
      } // End of Armature_mixamorig_RightUpLeg
      Frame Armature_mixamorig_Spine {
        FrameTransformMatrix {
           0.961866, 0.246758,-0.117998, 0.000000,
          -0.242093, 0.968827, 0.052579, 0.000000,
           0.127294,-0.022007, 0.991621, 0.000000,
           0.000002,10.763901, 1.243500, 1.000000;;
        }
        Frame Armature_mixamorig_Spine1 {
          FrameTransformMatrix {
             0.987045, 0.106062,-0.120384, 0.000000,
            -0.103350, 0.994235, 0.028576, 0.000000,
             0.122721,-0.015764, 0.992316, 0.000000,
            -0.000004,13.063298,-0.000001, 1.000000;;
          }
          Frame Armature_mixamorig_Spine2 {
            FrameTransformMatrix {
               0.985904, 0.167307, 0.001429, 0.000000,
              -0.160854, 0.945463, 0.283240, 0.000000,
               0.046037,-0.279477, 0.959048, 0.000000,
               0.000004,13.020502,-0.000000, 1.000000;;
            }
            Frame Armature_mixamorig_LeftShoulder {
              FrameTransformMatrix {
                -0.035037,-0.058400,-0.997678, 0.000000,
                 0.998271,-0.049194,-0.032178, 0.000000,
                -0.047200,-0.997080, 0.060023, 0.000000,
                 9.553604,16.065407,-5.227802, 1.000000;;
              }
              Frame Armature_mixamorig_LeftArm {
                FrameTransformMatrix {
                   0.292028,-0.889935, 0.350337, 0.000000,
                   0.781219, 0.433272, 0.449413, 0.000000,
                  -0.551739, 0.142449, 0.821762, 0.000000,
                  -0.000003,18.035490,-0.000002, 1.000000;;
                }
                Frame Armature_mixamorig_LeftForeArm {
                  FrameTransformMatrix {
                     0.685949, 0.194102, 0.701283, 0.000000,
                    -0.293305, 0.955758, 0.022356, 0.000000,
                    -0.665917,-0.221025, 0.712532, 0.000000,
                    -0.000002,26.415110, 0.000005, 1.000000;;
                  }
                  Frame Armature_mixamorig_LeftHand {
                    FrameTransformMatrix {
                       1.000000, 0.000000,-0.000000, 0.000000,
                      -0.000000, 1.000000, 0.000000, 0.000000,
                      -0.000000,-0.000000, 1.000000, 0.000000,
                      -0.000029,26.753401, 0.000001, 1.000000;;
                    }
                  } // End of Armature_mixamorig_LeftHand
                } // End of Armature_mixamorig_LeftForeArm
              } // End of Armature_mixamorig_LeftArm
            } // End of Armature_mixamorig_LeftShoulder
            Frame Armature_mixamorig_Neck {
              FrameTransformMatrix {
                 0.960127,-0.093721, 0.263385, 0.000000,
                 0.151373, 0.966357,-0.207944, 0.000000,
                -0.235035, 0.239522, 0.942013, 0.000000,
                -0.011899,24.670712, 2.028095, 1.000000;;
              }
              Frame Armature_mixamorig_Head {
                FrameTransformMatrix {
                   0.927321,-0.216834, 0.305055, 0.000000,
                   0.352794, 0.778537,-0.519054, 0.000000,
                  -0.124948, 0.588951, 0.798451, 0.000000,
                  -0.000003, 8.817299, 6.102592, 1.000000;;
                }
                Frame Armature_mixamorig_HeadTop_End {
                  FrameTransformMatrix {
                     1.000000, 0.000000,-0.000000, 0.000000,
                     0.000000, 1.000000, 0.000000, 0.000000,
                     0.000000, 0.000000, 1.000000, 0.000000,
                     0.000004,20.493910,-0.282501, 1.000000;;
                  }
                } // End of Armature_mixamorig_HeadTop_End
              } // End of Armature_mixamorig_Head
            } // End of Armature_mixamorig_Neck
            Frame Armature_mixamorig_RightShoulder {
              FrameTransformMatrix {
                 0.742414,-0.213877, 0.634884, 0.000000,
                -0.528304, 0.395845, 0.751133, 0.000000,
                -0.411966,-0.893064, 0.180889, 0.000000,
                -9.553596,16.065403,-5.227802, 1.000000;;
              }
              Frame Armature_mixamorig_RightArm {
                FrameTransformMatrix {
                   0.392445, 0.503564,-0.769682, 0.000000,
                  -0.854307, 0.509627,-0.102171, 0.000000,
                   0.340801, 0.697642, 0.630199, 0.000000,
                  -0.000000,17.955091,-0.000000, 1.000000;;
                }
                Frame Armature_mixamorig_RightForeArm {
                  FrameTransformMatrix {
                     0.514828,-0.726168,-0.455667, 0.000000,
                     0.840589, 0.532000, 0.101910, 0.000000,
                     0.168412,-0.435495, 0.884297, 0.000000,
                     0.000002,26.415112, 0.000000, 1.000000;;
                  }
                  Frame Armature_mixamorig_RightHand {
                    FrameTransformMatrix {
                       0.431934,-0.844526, 0.316558, 0.000000,
                       0.896799, 0.439462,-0.051242, 0.000000,
                      -0.095840, 0.306022, 0.947188, 0.000000,
                      -0.000005,26.753408, 0.000004, 1.000000;;
                    }
                    Frame Armature_mixamorig_RightHandIndex1 {
                      FrameTransformMatrix {
                         0.981597,-0.178409, 0.068094, 0.000000,
                         0.163326, 0.969121, 0.184742, 0.000000,
                        -0.098951,-0.170221, 0.980425, 0.000000,
                         8.654205,18.447777,-1.479603, 1.000000;;
                      }
                      Frame Armature_mixamorig_RightHandIndex2 {
                        FrameTransformMatrix {
                           0.998696, 0.048509, 0.015904, 0.000000,
                          -0.050345, 0.987481, 0.149484, 0.000000,
                          -0.008454,-0.150090, 0.988636, 0.000000,
                           0.000004, 7.514401, 0.000002, 1.000000;;
                        }
                        Frame Armature_mixamorig_RightHandIndex3 {
                          FrameTransformMatrix {
                             0.999606, 0.017948, 0.021559, 0.000000,
                            -0.018120, 0.999805, 0.007800, 0.000000,
                            -0.021415,-0.008188, 0.999737, 0.000000,
                             0.000000, 7.489384, 0.000005, 1.000000;;
                          }
                          Frame Armature_mixamorig_RightHandIndex4 {
                            FrameTransformMatrix {
                               1.000000, 0.000000,-0.000000, 0.000000,
                               0.000000, 1.000000, 0.000000, 0.000000,
                               0.000000, 0.000000, 1.000000, 0.000000,
                              -0.000004, 6.769714,-0.000001, 1.000000;;
                            }
                          } // End of Armature_mixamorig_RightHandIndex4
                        } // End of Armature_mixamorig_RightHandIndex3
                      } // End of Armature_mixamorig_RightHandIndex2
                    } // End of Armature_mixamorig_RightHandIndex1
                    Frame Armature_mixamorig_RightHandPinky1 {
                      FrameTransformMatrix {
                         0.033869, 0.103881,-0.994013, 0.000000,
                         0.223167, 0.968685, 0.108838, 0.000000,
                         0.974192,-0.225517, 0.009626, 0.000000,
                        -10.003098,17.507793, 0.477989, 1.000000;;
                      }
                      Frame Armature_mixamorig_RightHandPinky2 {
                        FrameTransformMatrix {
                           0.988903, 0.148243,-0.009754, 0.000000,
                          -0.148037, 0.977748,-0.148638, 0.000000,
                          -0.012498, 0.148432, 0.988844, 0.000000,
                           0.000008, 7.044197,-0.000011, 1.000000;;
                        }
                        Frame Armature_mixamorig_RightHandPinky3 {
                          FrameTransformMatrix {
                             0.979071, 0.196315,-0.053674, 0.000000,
                            -0.202112, 0.968841,-0.143167, 0.000000,
                             0.023895, 0.151019, 0.988242, 0.000000,
                             0.000011, 7.078884, 0.000000, 1.000000;;
                          }
                          Frame Armature_mixamorig_RightHandPinky4 {
                            FrameTransformMatrix {
                               1.000000,-0.000000,-0.000000, 0.000000,
                               0.000000, 1.000000,-0.000000, 0.000000,
                               0.000000, 0.000000, 1.000000, 0.000000,
                               0.000016, 7.093002,-0.000015, 1.000000;;
                            }
                          } // End of Armature_mixamorig_RightHandPinky4
                        } // End of Armature_mixamorig_RightHandPinky3
                      } // End of Armature_mixamorig_RightHandPinky2
                    } // End of Armature_mixamorig_RightHandPinky1
                    Frame Armature_mixamorig_RightHandThumb1 {
                      FrameTransformMatrix {
                         0.570336,-0.785361,-0.240677, 0.000000,
                         0.695592, 0.305938, 0.650040, 0.000000,
                        -0.436884,-0.538155, 0.720779, 0.000000,
                         6.163494, 2.492281, 4.446404, 1.000000;;
                      }
                      Frame Armature_mixamorig_RightHandThumb2 {
                        FrameTransformMatrix {
                           0.876032, 0.443309,-0.189853, 0.000000,
                          -0.465607, 0.880034,-0.093541, 0.000000,
                           0.125610, 0.170342, 0.977346, 0.000000,
                           0.000013,10.473009,-0.000006, 1.000000;;
                        }
                        Frame Armature_mixamorig_RightHandThumb3 {
                          FrameTransformMatrix {
                             0.965683, 0.240822,-0.097266, 0.000000,
                            -0.249601, 0.964042,-0.091224, 0.000000,
                             0.071799, 0.112371, 0.991069, 0.000000,
                             0.000006, 8.498800,-0.000010, 1.000000;;
                          }
                          Frame Armature_mixamorig_RightHandThumb4 {
                            FrameTransformMatrix {
                               1.000000,-0.000000, 0.000000, 0.000000,
                               0.000000, 1.000000, 0.000001, 0.000000,
                              -0.000000,-0.000001, 1.000000, 0.000000,
                               0.000006, 8.025307, 0.000002, 1.000000;;
                            }
                          } // End of Armature_mixamorig_RightHandThumb4
                        } // End of Armature_mixamorig_RightHandThumb3
                      } // End of Armature_mixamorig_RightHandThumb2
                    } // End of Armature_mixamorig_RightHandThumb1
                  } // End of Armature_mixamorig_RightHand
                } // End of Armature_mixamorig_RightForeArm
              } // End of Armature_mixamorig_RightArm
            } // End of Armature_mixamorig_RightShoulder
          } // End of Armature_mixamorig_Spine2
        } // End of Armature_mixamorig_Spine1
      } // End of Armature_mixamorig_Spine
    } // End of Armature_mixamorig_Hips
  } // End of Armature
} // End of Root
AnimationSet Global {
  Animation {
    {Armature}
    AnimationKey { // Rotation
      0;
      79;
      0;4;-0.707107, 0.707107, 0.000000, 0.000000;;,
      1;4;-0.707107, 0.707107, 0.000000, 0.000000;;,
      2;4;-0.707107, 0.707107, 0.000000, 0.000000;;,
      3;4;-0.707107, 0.707107, 0.000000, 0.000000;;,
      4;4;-0.707107, 0.707107, 0.000000, 0.000000;;,
      5;4;-0.707107, 0.707107, 0.000000, 0.000000;;,
      6;4;-0.707107, 0.707107, 0.000000, 0.000000;;,
      7;4;-0.707107, 0.707107, 0.000000, 0.000000;;,
      8;4;-0.707107, 0.707107, 0.000000, 0.000000;;,
      9;4;-0.707107, 0.707107, 0.000000, 0.000000;;,
      10;4;-0.707107, 0.707107, 0.000000, 0.000000;;,
      11;4;-0.707107, 0.707107, 0.000000, 0.000000;;,
      12;4;-0.707107, 0.707107, 0.000000, 0.000000;;,
      13;4;-0.707107, 0.707107, 0.000000, 0.000000;;,
      14;4;-0.707107, 0.707107, 0.000000, 0.000000;;,
      15;4;-0.707107, 0.707107, 0.000000, 0.000000;;,
      16;4;-0.707107, 0.707107, 0.000000, 0.000000;;,
      17;4;-0.707107, 0.707107, 0.000000, 0.000000;;,
      18;4;-0.707107, 0.707107, 0.000000, 0.000000;;,
      19;4;-0.707107, 0.707107, 0.000000, 0.000000;;,
      20;4;-0.707107, 0.707107, 0.000000, 0.000000;;,
      21;4;-0.707107, 0.707107, 0.000000, 0.000000;;,
      22;4;-0.707107, 0.707107, 0.000000, 0.000000;;,
      23;4;-0.707107, 0.707107, 0.000000, 0.000000;;,
      24;4;-0.707107, 0.707107, 0.000000, 0.000000;;,
      25;4;-0.707107, 0.707107, 0.000000, 0.000000;;,
      26;4;-0.707107, 0.707107, 0.000000, 0.000000;;,
      27;4;-0.707107, 0.707107, 0.000000, 0.000000;;,
      28;4;-0.707107, 0.707107, 0.000000, 0.000000;;,
      29;4;-0.707107, 0.707107, 0.000000, 0.000000;;,
      30;4;-0.707107, 0.707107, 0.000000, 0.000000;;,
      31;4;-0.707107, 0.707107, 0.000000, 0.000000;;,
      32;4;-0.707107, 0.707107, 0.000000, 0.000000;;,
      33;4;-0.707107, 0.707107, 0.000000, 0.000000;;,
      34;4;-0.707107, 0.707107, 0.000000, 0.000000;;,
      35;4;-0.707107, 0.707107, 0.000000, 0.000000;;,
      36;4;-0.707107, 0.707107, 0.000000, 0.000000;;,
      37;4;-0.707107, 0.707107, 0.000000, 0.000000;;,
      38;4;-0.707107, 0.707107, 0.000000, 0.000000;;,
      39;4;-0.707107, 0.707107, 0.000000, 0.000000;;,
      40;4;-0.707107, 0.707107, 0.000000, 0.000000;;,
      41;4;-0.707107, 0.707107, 0.000000, 0.000000;;,
      42;4;-0.707107, 0.707107, 0.000000, 0.000000;;,
      43;4;-0.707107, 0.707107, 0.000000, 0.000000;;,
      44;4;-0.707107, 0.707107, 0.000000, 0.000000;;,
      45;4;-0.707107, 0.707107, 0.000000, 0.000000;;,
      46;4;-0.707107, 0.707107, 0.000000, 0.000000;;,
      47;4;-0.707107, 0.707107, 0.000000, 0.000000;;,
      48;4;-0.707107, 0.707107, 0.000000, 0.000000;;,
      49;4;-0.707107, 0.707107, 0.000000, 0.000000;;,
      50;4;-0.707107, 0.707107, 0.000000, 0.000000;;,
      51;4;-0.707107, 0.707107, 0.000000, 0.000000;;,
      52;4;-0.707107, 0.707107, 0.000000, 0.000000;;,
      53;4;-0.707107, 0.707107, 0.000000, 0.000000;;,
      54;4;-0.707107, 0.707107, 0.000000, 0.000000;;,
      55;4;-0.707107, 0.707107, 0.000000, 0.000000;;,
      56;4;-0.707107, 0.707107, 0.000000, 0.000000;;,
      57;4;-0.707107, 0.707107, 0.000000, 0.000000;;,
      58;4;-0.707107, 0.707107, 0.000000, 0.000000;;,
      59;4;-0.707107, 0.707107, 0.000000, 0.000000;;,
      60;4;-0.707107, 0.707107, 0.000000, 0.000000;;,
      61;4;-0.707107, 0.707107, 0.000000, 0.000000;;,
      62;4;-0.707107, 0.707107, 0.000000, 0.000000;;,
      63;4;-0.707107, 0.707107, 0.000000, 0.000000;;,
      64;4;-0.707107, 0.707107, 0.000000, 0.000000;;,
      65;4;-0.707107, 0.707107, 0.000000, 0.000000;;,
      66;4;-0.707107, 0.707107, 0.000000, 0.000000;;,
      67;4;-0.707107, 0.707107, 0.000000, 0.000000;;,
      68;4;-0.707107, 0.707107, 0.000000, 0.000000;;,
      69;4;-0.707107, 0.707107, 0.000000, 0.000000;;,
      70;4;-0.707107, 0.707107, 0.000000, 0.000000;;,
      71;4;-0.707107, 0.707107, 0.000000, 0.000000;;,
      72;4;-0.707107, 0.707107, 0.000000, 0.000000;;,
      73;4;-0.707107, 0.707107, 0.000000, 0.000000;;,
      74;4;-0.707107, 0.707107, 0.000000, 0.000000;;,
      75;4;-0.707107, 0.707107, 0.000000, 0.000000;;,
      76;4;-0.707107, 0.707107, 0.000000, 0.000000;;,
      77;4;-0.707107, 0.707107, 0.000000, 0.000000;;,
      78;4;-0.707107, 0.707107, 0.000000, 0.000000;;;
    }
    AnimationKey { // Scale
      1;
      79;
      0;3; 0.010000, 0.010000, 0.010000;;,
      1;3; 0.010000, 0.010000, 0.010000;;,
      2;3; 0.010000, 0.010000, 0.010000;;,
      3;3; 0.010000, 0.010000, 0.010000;;,
      4;3; 0.010000, 0.010000, 0.010000;;,
      5;3; 0.010000, 0.010000, 0.010000;;,
      6;3; 0.010000, 0.010000, 0.010000;;,
      7;3; 0.010000, 0.010000, 0.010000;;,
      8;3; 0.010000, 0.010000, 0.010000;;,
      9;3; 0.010000, 0.010000, 0.010000;;,
      10;3; 0.010000, 0.010000, 0.010000;;,
      11;3; 0.010000, 0.010000, 0.010000;;,
      12;3; 0.010000, 0.010000, 0.010000;;,
      13;3; 0.010000, 0.010000, 0.010000;;,
      14;3; 0.010000, 0.010000, 0.010000;;,
      15;3; 0.010000, 0.010000, 0.010000;;,
      16;3; 0.010000, 0.010000, 0.010000;;,
      17;3; 0.010000, 0.010000, 0.010000;;,
      18;3; 0.010000, 0.010000, 0.010000;;,
      19;3; 0.010000, 0.010000, 0.010000;;,
      20;3; 0.010000, 0.010000, 0.010000;;,
      21;3; 0.010000, 0.010000, 0.010000;;,
      22;3; 0.010000, 0.010000, 0.010000;;,
      23;3; 0.010000, 0.010000, 0.010000;;,
      24;3; 0.010000, 0.010000, 0.010000;;,
      25;3; 0.010000, 0.010000, 0.010000;;,
      26;3; 0.010000, 0.010000, 0.010000;;,
      27;3; 0.010000, 0.010000, 0.010000;;,
      28;3; 0.010000, 0.010000, 0.010000;;,
      29;3; 0.010000, 0.010000, 0.010000;;,
      30;3; 0.010000, 0.010000, 0.010000;;,
      31;3; 0.010000, 0.010000, 0.010000;;,
      32;3; 0.010000, 0.010000, 0.010000;;,
      33;3; 0.010000, 0.010000, 0.010000;;,
      34;3; 0.010000, 0.010000, 0.010000;;,
      35;3; 0.010000, 0.010000, 0.010000;;,
      36;3; 0.010000, 0.010000, 0.010000;;,
      37;3; 0.010000, 0.010000, 0.010000;;,
      38;3; 0.010000, 0.010000, 0.010000;;,
      39;3; 0.010000, 0.010000, 0.010000;;,
      40;3; 0.010000, 0.010000, 0.010000;;,
      41;3; 0.010000, 0.010000, 0.010000;;,
      42;3; 0.010000, 0.010000, 0.010000;;,
      43;3; 0.010000, 0.010000, 0.010000;;,
      44;3; 0.010000, 0.010000, 0.010000;;,
      45;3; 0.010000, 0.010000, 0.010000;;,
      46;3; 0.010000, 0.010000, 0.010000;;,
      47;3; 0.010000, 0.010000, 0.010000;;,
      48;3; 0.010000, 0.010000, 0.010000;;,
      49;3; 0.010000, 0.010000, 0.010000;;,
      50;3; 0.010000, 0.010000, 0.010000;;,
      51;3; 0.010000, 0.010000, 0.010000;;,
      52;3; 0.010000, 0.010000, 0.010000;;,
      53;3; 0.010000, 0.010000, 0.010000;;,
      54;3; 0.010000, 0.010000, 0.010000;;,
      55;3; 0.010000, 0.010000, 0.010000;;,
      56;3; 0.010000, 0.010000, 0.010000;;,
      57;3; 0.010000, 0.010000, 0.010000;;,
      58;3; 0.010000, 0.010000, 0.010000;;,
      59;3; 0.010000, 0.010000, 0.010000;;,
      60;3; 0.010000, 0.010000, 0.010000;;,
      61;3; 0.010000, 0.010000, 0.010000;;,
      62;3; 0.010000, 0.010000, 0.010000;;,
      63;3; 0.010000, 0.010000, 0.010000;;,
      64;3; 0.010000, 0.010000, 0.010000;;,
      65;3; 0.010000, 0.010000, 0.010000;;,
      66;3; 0.010000, 0.010000, 0.010000;;,
      67;3; 0.010000, 0.010000, 0.010000;;,
      68;3; 0.010000, 0.010000, 0.010000;;,
      69;3; 0.010000, 0.010000, 0.010000;;,
      70;3; 0.010000, 0.010000, 0.010000;;,
      71;3; 0.010000, 0.010000, 0.010000;;,
      72;3; 0.010000, 0.010000, 0.010000;;,
      73;3; 0.010000, 0.010000, 0.010000;;,
      74;3; 0.010000, 0.010000, 0.010000;;,
      75;3; 0.010000, 0.010000, 0.010000;;,
      76;3; 0.010000, 0.010000, 0.010000;;,
      77;3; 0.010000, 0.010000, 0.010000;;,
      78;3; 0.010000, 0.010000, 0.010000;;;
    }
    AnimationKey { // Position
      2;
      79;
      0;3; 0.000000, 0.000000, 0.000000;;,
      1;3; 0.000000, 0.000000, 0.000000;;,
      2;3; 0.000000, 0.000000, 0.000000;;,
      3;3; 0.000000, 0.000000, 0.000000;;,
      4;3; 0.000000, 0.000000, 0.000000;;,
      5;3; 0.000000, 0.000000, 0.000000;;,
      6;3; 0.000000, 0.000000, 0.000000;;,
      7;3; 0.000000, 0.000000, 0.000000;;,
      8;3; 0.000000, 0.000000, 0.000000;;,
      9;3; 0.000000, 0.000000, 0.000000;;,
      10;3; 0.000000, 0.000000, 0.000000;;,
      11;3; 0.000000, 0.000000, 0.000000;;,
      12;3; 0.000000, 0.000000, 0.000000;;,
      13;3; 0.000000, 0.000000, 0.000000;;,
      14;3; 0.000000, 0.000000, 0.000000;;,
      15;3; 0.000000, 0.000000, 0.000000;;,
      16;3; 0.000000, 0.000000, 0.000000;;,
      17;3; 0.000000, 0.000000, 0.000000;;,
      18;3; 0.000000, 0.000000, 0.000000;;,
      19;3; 0.000000, 0.000000, 0.000000;;,
      20;3; 0.000000, 0.000000, 0.000000;;,
      21;3; 0.000000, 0.000000, 0.000000;;,
      22;3; 0.000000, 0.000000, 0.000000;;,
      23;3; 0.000000, 0.000000, 0.000000;;,
      24;3; 0.000000, 0.000000, 0.000000;;,
      25;3; 0.000000, 0.000000, 0.000000;;,
      26;3; 0.000000, 0.000000, 0.000000;;,
      27;3; 0.000000, 0.000000, 0.000000;;,
      28;3; 0.000000, 0.000000, 0.000000;;,
      29;3; 0.000000, 0.000000, 0.000000;;,
      30;3; 0.000000, 0.000000, 0.000000;;,
      31;3; 0.000000, 0.000000, 0.000000;;,
      32;3; 0.000000, 0.000000, 0.000000;;,
      33;3; 0.000000, 0.000000, 0.000000;;,
      34;3; 0.000000, 0.000000, 0.000000;;,
      35;3; 0.000000, 0.000000, 0.000000;;,
      36;3; 0.000000, 0.000000, 0.000000;;,
      37;3; 0.000000, 0.000000, 0.000000;;,
      38;3; 0.000000, 0.000000, 0.000000;;,
      39;3; 0.000000, 0.000000, 0.000000;;,
      40;3; 0.000000, 0.000000, 0.000000;;,
      41;3; 0.000000, 0.000000, 0.000000;;,
      42;3; 0.000000, 0.000000, 0.000000;;,
      43;3; 0.000000, 0.000000, 0.000000;;,
      44;3; 0.000000, 0.000000, 0.000000;;,
      45;3; 0.000000, 0.000000, 0.000000;;,
      46;3; 0.000000, 0.000000, 0.000000;;,
      47;3; 0.000000, 0.000000, 0.000000;;,
      48;3; 0.000000, 0.000000, 0.000000;;,
      49;3; 0.000000, 0.000000, 0.000000;;,
      50;3; 0.000000, 0.000000, 0.000000;;,
      51;3; 0.000000, 0.000000, 0.000000;;,
      52;3; 0.000000, 0.000000, 0.000000;;,
      53;3; 0.000000, 0.000000, 0.000000;;,
      54;3; 0.000000, 0.000000, 0.000000;;,
      55;3; 0.000000, 0.000000, 0.000000;;,
      56;3; 0.000000, 0.000000, 0.000000;;,
      57;3; 0.000000, 0.000000, 0.000000;;,
      58;3; 0.000000, 0.000000, 0.000000;;,
      59;3; 0.000000, 0.000000, 0.000000;;,
      60;3; 0.000000, 0.000000, 0.000000;;,
      61;3; 0.000000, 0.000000, 0.000000;;,
      62;3; 0.000000, 0.000000, 0.000000;;,
      63;3; 0.000000, 0.000000, 0.000000;;,
      64;3; 0.000000, 0.000000, 0.000000;;,
      65;3; 0.000000, 0.000000, 0.000000;;,
      66;3; 0.000000, 0.000000, 0.000000;;,
      67;3; 0.000000, 0.000000, 0.000000;;,
      68;3; 0.000000, 0.000000, 0.000000;;,
      69;3; 0.000000, 0.000000, 0.000000;;,
      70;3; 0.000000, 0.000000, 0.000000;;,
      71;3; 0.000000, 0.000000, 0.000000;;,
      72;3; 0.000000, 0.000000, 0.000000;;,
      73;3; 0.000000, 0.000000, 0.000000;;,
      74;3; 0.000000, 0.000000, 0.000000;;,
      75;3; 0.000000, 0.000000, 0.000000;;,
      76;3; 0.000000, 0.000000, 0.000000;;,
      77;3; 0.000000, 0.000000, 0.000000;;,
      78;3; 0.000000, 0.000000, 0.000000;;;
    }
  }
  Animation {
    {Armature_mixamorig_Hips}
    AnimationKey { // Rotation
      0;
      79;
      0;4;-0.999953,-0.002202, 0.000000,-0.009475;;,
      1;4;-0.999958,-0.000480, 0.003486,-0.008499;;,
      2;4;-0.999948, 0.001201, 0.006303,-0.007948;;,
      3;4;-0.999930, 0.002686, 0.008442,-0.007864;;,
      4;4;-0.999919, 0.004527, 0.009004,-0.007787;;,
      5;4;-0.999901, 0.006871, 0.009829,-0.007407;;,
      6;4;-0.999730, 0.009620, 0.019769,-0.007552;;,
      7;4;-0.999270, 0.011686, 0.035411,-0.008262;;,
      8;4;-0.998513, 0.013836, 0.052009,-0.008718;;,
      9;4;-0.997383, 0.015994, 0.069903,-0.009204;;,
      10;4;-0.995787, 0.018073, 0.089338,-0.010027;;,
      11;4;-0.993613, 0.019909, 0.110491,-0.011377;;,
      12;4;-0.990717, 0.021636, 0.133567,-0.013086;;,
      13;4;-0.986877, 0.022828, 0.159077,-0.015748;;,
      14;4;-0.981786, 0.022822, 0.187634,-0.019202;;,
      15;4;-0.975118, 0.021227, 0.219414,-0.023501;;,
      16;4;-0.966431, 0.018627, 0.254669,-0.028410;;,
      17;4;-0.955193, 0.015242, 0.293512,-0.034988;;,
      18;4;-0.937588, 0.008853, 0.344555,-0.046174;;,
      19;4;-0.918484, 0.006422, 0.390659,-0.061088;;,
      20;4;-0.908949, 0.013185, 0.408937,-0.080054;;,
      21;4;-0.906486, 0.028465, 0.408179,-0.104220;;,
      22;4;-0.905940, 0.040057, 0.404053,-0.120040;;,
      23;4;-0.906390, 0.043163, 0.400964,-0.125783;;,
      24;4;-0.908083, 0.042725, 0.396379,-0.128235;;,
      25;4;-0.910967, 0.043438, 0.389085,-0.129869;;,
      26;4;-0.914571, 0.048240, 0.379563,-0.131016;;,
      27;4;-0.918741, 0.055968, 0.368644,-0.129938;;,
      28;4;-0.923853, 0.064397, 0.355999,-0.124957;;,
      29;4;-0.930377, 0.071913, 0.340446,-0.115425;;,
      30;4;-0.938435, 0.077441, 0.320889,-0.101850;;,
      31;4;-0.947767, 0.077609, 0.297705,-0.084187;;,
      32;4;-0.960874, 0.071574, 0.261141,-0.058351;;,
      33;4;-0.975872, 0.061495, 0.206955,-0.032591;;,
      34;4;-0.988099, 0.044035, 0.146947,-0.011299;;,
      35;4;-0.996459, 0.024551, 0.078954, 0.015236;;,
      36;4;-0.983570, 0.040531,-0.165288, 0.060222;;,
      37;4;-0.897117, 0.061222,-0.425503, 0.101879;;,
      38;4;-0.829201, 0.061806,-0.550126, 0.077249;;,
      39;4;-0.776238, 0.105280,-0.619663, 0.048873;;,
      40;4;-0.729094, 0.139764,-0.668293, 0.047664;;,
      41;4;-0.712154, 0.160217,-0.681672, 0.049910;;,
      42;4;-0.704103, 0.174865,-0.686279, 0.051799;;,
      43;4;-0.703977, 0.182968,-0.684104, 0.054222;;,
      44;4;-0.705890, 0.188962,-0.680327, 0.056282;;,
      45;4;-0.710951, 0.189121,-0.675014, 0.056012;;,
      46;4;-0.716521, 0.189721,-0.668967, 0.055561;;,
      47;4;-0.723982, 0.185340,-0.662239, 0.054201;;,
      48;4;-0.732935, 0.175762,-0.655106, 0.052443;;,
      49;4;-0.742968, 0.163939,-0.646962, 0.050623;;,
      50;4;-0.754638, 0.153116,-0.636197, 0.048273;;,
      51;4;-0.767754, 0.145233,-0.622412, 0.045440;;,
      52;4;-0.792200, 0.144175,-0.591463, 0.042478;;,
      53;4;-0.824705, 0.147727,-0.544484, 0.039683;;,
      54;4;-0.858069, 0.152658,-0.488926, 0.036939;;,
      55;4;-0.887323, 0.154434,-0.433141, 0.034601;;,
      56;4;-0.911391, 0.151120,-0.381355, 0.033135;;,
      57;4;-0.931971, 0.145448,-0.330545, 0.031848;;,
      58;4;-0.949171, 0.137859,-0.281281, 0.030838;;,
      59;4;-0.963038, 0.128932,-0.234618, 0.029819;;,
      60;4;-0.973772, 0.119325,-0.191686, 0.028027;;,
      61;4;-0.981743, 0.109647,-0.153349, 0.025354;;,
      62;4;-0.986358, 0.099723,-0.129454, 0.019883;;,
      63;4;-0.989625, 0.092223,-0.109046, 0.015715;;,
      64;4;-0.991773, 0.085118,-0.094792, 0.012514;;,
      65;4;-0.993571, 0.077765,-0.081725, 0.009542;;,
      66;4;-0.995060, 0.070257,-0.069807, 0.006804;;,
      67;4;-0.996279, 0.062682,-0.058998, 0.004301;;,
      68;4;-0.997262, 0.055129,-0.049257, 0.002033;;,
      69;4;-0.998039, 0.047687,-0.040540,-0.000004;;,
      70;4;-0.998642, 0.040443,-0.032805,-0.001815;;,
      71;4;-0.999095, 0.033485,-0.026008,-0.003406;;,
      72;4;-0.999425, 0.026898,-0.020106,-0.004786;;,
      73;4;-0.999653, 0.020768,-0.015056,-0.005965;;,
      74;4;-0.999802, 0.015181,-0.010814,-0.006952;;,
      75;4;-0.999891, 0.010221,-0.007339,-0.007760;;,
      76;4;-0.999936, 0.005974,-0.004588,-0.008399;;,
      77;4;-0.999954, 0.002523,-0.002520,-0.008881;;,
      78;4;-0.999957,-0.000046,-0.001093,-0.009215;;;
    }
    AnimationKey { // Scale
      1;
      79;
      0;3; 1.000000, 1.000000, 1.000000;;,
      1;3; 1.000000, 1.000000, 1.000000;;,
      2;3; 1.000000, 1.000000, 1.000000;;,
      3;3; 1.000000, 1.000000, 1.000000;;,
      4;3; 1.000000, 1.000000, 1.000000;;,
      5;3; 1.000000, 1.000000, 1.000000;;,
      6;3; 1.000000, 1.000000, 1.000000;;,
      7;3; 1.000000, 1.000000, 1.000000;;,
      8;3; 1.000000, 1.000000, 1.000000;;,
      9;3; 1.000000, 1.000000, 1.000000;;,
      10;3; 1.000000, 1.000000, 1.000000;;,
      11;3; 1.000000, 1.000000, 1.000000;;,
      12;3; 1.000000, 1.000000, 1.000000;;,
      13;3; 1.000000, 1.000000, 1.000000;;,
      14;3; 1.000000, 1.000000, 1.000000;;,
      15;3; 1.000000, 1.000000, 1.000000;;,
      16;3; 1.000000, 1.000000, 1.000000;;,
      17;3; 1.000000, 1.000000, 1.000000;;,
      18;3; 1.000000, 1.000000, 1.000000;;,
      19;3; 1.000000, 1.000000, 1.000000;;,
      20;3; 1.000000, 1.000000, 1.000000;;,
      21;3; 1.000000, 1.000000, 1.000000;;,
      22;3; 1.000000, 1.000000, 1.000000;;,
      23;3; 1.000000, 1.000000, 1.000000;;,
      24;3; 1.000000, 1.000000, 1.000000;;,
      25;3; 1.000000, 1.000000, 1.000000;;,
      26;3; 1.000000, 1.000000, 1.000000;;,
      27;3; 1.000000, 1.000000, 1.000000;;,
      28;3; 1.000000, 1.000000, 1.000000;;,
      29;3; 1.000000, 1.000000, 1.000000;;,
      30;3; 1.000000, 1.000000, 1.000000;;,
      31;3; 1.000000, 1.000000, 1.000000;;,
      32;3; 1.000000, 1.000000, 1.000000;;,
      33;3; 1.000000, 1.000000, 1.000000;;,
      34;3; 1.000000, 1.000000, 1.000000;;,
      35;3; 1.000000, 1.000000, 1.000000;;,
      36;3; 1.000000, 1.000000, 1.000000;;,
      37;3; 1.000000, 1.000000, 1.000000;;,
      38;3; 1.000000, 1.000000, 1.000000;;,
      39;3; 1.000000, 1.000000, 1.000000;;,
      40;3; 1.000000, 1.000000, 1.000000;;,
      41;3; 1.000000, 1.000000, 1.000000;;,
      42;3; 1.000000, 1.000000, 1.000000;;,
      43;3; 1.000000, 1.000000, 1.000000;;,
      44;3; 1.000000, 1.000000, 1.000000;;,
      45;3; 1.000000, 1.000000, 1.000000;;,
      46;3; 1.000000, 1.000000, 1.000000;;,
      47;3; 1.000000, 1.000000, 1.000000;;,
      48;3; 1.000000, 1.000000, 1.000000;;,
      49;3; 1.000000, 1.000000, 1.000000;;,
      50;3; 1.000000, 1.000000, 1.000000;;,
      51;3; 1.000000, 1.000000, 1.000000;;,
      52;3; 1.000000, 1.000000, 1.000000;;,
      53;3; 1.000000, 1.000000, 1.000000;;,
      54;3; 1.000000, 1.000000, 1.000000;;,
      55;3; 1.000000, 1.000000, 1.000000;;,
      56;3; 1.000000, 1.000000, 1.000000;;,
      57;3; 1.000000, 1.000000, 1.000000;;,
      58;3; 1.000000, 1.000000, 1.000000;;,
      59;3; 1.000000, 1.000000, 1.000000;;,
      60;3; 1.000000, 1.000000, 1.000000;;,
      61;3; 1.000000, 1.000000, 1.000000;;,
      62;3; 1.000000, 1.000000, 1.000000;;,
      63;3; 1.000000, 1.000000, 1.000000;;,
      64;3; 1.000000, 1.000000, 1.000000;;,
      65;3; 1.000000, 1.000000, 1.000000;;,
      66;3; 1.000000, 1.000000, 1.000000;;,
      67;3; 1.000000, 1.000000, 1.000000;;,
      68;3; 1.000000, 1.000000, 1.000000;;,
      69;3; 1.000000, 1.000000, 1.000000;;,
      70;3; 1.000000, 1.000000, 1.000000;;,
      71;3; 1.000000, 1.000000, 1.000000;;,
      72;3; 1.000000, 1.000000, 1.000000;;,
      73;3; 1.000000, 1.000000, 1.000000;;,
      74;3; 1.000000, 1.000000, 1.000000;;,
      75;3; 1.000000, 1.000000, 1.000000;;,
      76;3; 1.000000, 1.000000, 1.000000;;,
      77;3; 1.000000, 1.000000, 1.000000;;,
      78;3; 1.000000, 1.000000, 1.000000;;;
    }
    AnimationKey { // Position
      2;
      79;
      0;3;-0.000024,80.532974, 0.000017;;,
      1;3;-0.097184,80.587570,-0.008717;;,
      2;3;-0.337319,80.744530,-0.075344;;,
      3;3;-0.705704,80.976791,-0.200915;;,
      4;3;-1.194223,81.251389,-0.377684;;,
      5;3;-1.793219,81.539291,-0.602954;;,
      6;3;-2.827339,81.931549,-1.078353;;,
      7;3;-4.311892,82.431084,-1.944026;;,
      8;3;-6.221087,83.038628,-3.146703;;,
      9;3;-8.323174,83.498421,-4.668930;;,
      10;3;-10.274966,83.520531,-6.483586;;,
      11;3;-11.823213,83.160217,-8.325267;;,
      12;3;-12.965468,82.730240,-9.856157;;,
      13;3;-13.048958,81.948730,-10.725063;;,
      14;3;-12.297479,80.771027,-11.212563;;,
      15;3;-11.673194,79.770378,-11.744753;;,
      16;3;-11.424460,78.994484,-12.347124;;,
      17;3;-11.591758,77.816521,-13.391564;;,
      18;3;-12.052353,76.083817,-14.860106;;,
      19;3;-12.660270,74.163116,-16.341125;;,
      20;3;-13.332727,72.447784,-17.667673;;,
      21;3;-13.897741,70.980209,-19.126308;;,
      22;3;-14.320230,70.046341,-20.611891;;,
      23;3;-14.674665,69.566292,-22.002279;;,
      24;3;-15.039375,69.253342,-23.257170;;,
      25;3;-15.334710,69.118103,-24.128492;;,
      26;3;-15.495863,69.229340,-24.369366;;,
      27;3;-15.503014,69.764511,-24.108463;;,
      28;3;-15.374131,70.566513,-23.537500;;,
      29;3;-15.354011,71.260605,-21.534481;;,
      30;3;-15.430622,71.991066,-17.548307;;,
      31;3;-15.589080,72.985481,-12.226102;;,
      32;3;-15.997633,74.494774,-5.344197;;,
      33;3;-16.560577,76.894653, 2.129122;;,
      34;3;-16.958220,79.938538, 8.383221;;,
      35;3;-17.299072,82.977654,14.801814;;,
      36;3;-16.042818,85.108543,29.345875;;,
      37;3;-13.471323,84.907196,41.992054;;,
      38;3;-11.163351,81.145645,51.892124;;,
      39;3;-7.967584,75.954697,60.036392;;,
      40;3;-5.543345,70.642944,63.056557;;,
      41;3;-3.223148,66.419762,65.467636;;,
      42;3;-0.916121,64.142113,66.824677;;,
      43;3; 1.346407,62.756676,67.119400;;,
      44;3; 3.365354,61.952118,66.901115;;,
      45;3; 4.594302,61.666451,66.011848;;,
      46;3; 5.716720,61.834061,64.834724;;,
      47;3; 6.651117,62.402695,63.387665;;,
      48;3; 7.001320,63.309788,61.546593;;,
      49;3; 7.069742,64.483704,59.344017;;,
      50;3; 7.043253,65.853577,56.897614;;,
      51;3; 6.896006,67.345345,54.311790;;,
      52;3; 6.629745,68.897064,51.631275;;,
      53;3; 6.051781,70.486786,48.103596;;,
      54;3; 5.106339,72.158867,42.984444;;,
      55;3; 4.247977,73.715889,38.285931;;,
      56;3; 3.497610,75.156631,34.501015;;,
      57;3; 2.786010,76.556297,31.081234;;,
      58;3; 2.083333,77.955200,27.920311;;,
      59;3; 1.505022,79.260818,24.964935;;,
      60;3; 1.111345,80.383202,22.121471;;,
      61;3; 0.935873,81.299347,19.278112;;,
      62;3; 1.085117,81.852180,16.753019;;,
      63;3; 1.510050,82.056656,14.332565;;,
      64;3; 2.094354,82.165909,12.026839;;,
      65;3; 2.737086,82.089928, 9.798965;;,
      66;3; 3.317395,81.981224, 7.878347;;,
      67;3; 3.725584,81.596802, 6.194143;;,
      68;3; 3.858633,81.018448, 4.588921;;,
      69;3; 3.854292,80.448364, 2.816823;;,
      70;3; 3.780145,80.006355, 1.200659;;,
      71;3; 3.632884,79.764183, 0.224689;;,
      72;3; 3.391309,79.491486,-0.341712;;,
      73;3; 3.092137,79.285484,-0.774557;;,
      74;3; 2.747870,79.175568,-1.081847;;,
      75;3; 2.365031,79.140144,-1.243093;;,
      76;3; 1.952296,79.233200,-1.240589;;,
      77;3; 1.521257,79.461418,-1.098277;;,
      78;3; 1.080449,79.783272,-0.846119;;;
    }
  }
  Animation {
    {Armature_mixamorig_Spine}
    AnimationKey { // Rotation
      0;
      79;
      0;4;-0.988237, 0.152859, 0.001741, 0.004294;;,
      1;4;-0.988334, 0.152221, 0.001238, 0.004843;;,
      2;4;-0.988588, 0.150515,-0.000039, 0.006245;;,
      3;4;-0.988953, 0.147994,-0.001741, 0.008207;;,
      4;4;-0.989384, 0.144907,-0.003522, 0.010422;;,
      5;4;-0.989844, 0.141506,-0.005038, 0.012602;;,
      6;4;-0.990381, 0.137470,-0.005866, 0.014588;;,
      7;4;-0.991158, 0.131417,-0.006780, 0.016996;;,
      8;4;-0.992070, 0.123853,-0.008025, 0.019845;;,
      9;4;-0.993014, 0.115302,-0.009451, 0.023228;;,
      10;4;-0.993911, 0.106291,-0.010841, 0.026949;;,
      11;4;-0.994738, 0.097081,-0.011798, 0.030528;;,
      12;4;-0.995455, 0.088379,-0.012202, 0.033320;;,
      13;4;-0.996087, 0.079848,-0.011680, 0.036024;;,
      14;4;-0.996677, 0.070866,-0.010080, 0.038870;;,
