xof 0303txt 0032

template XSkinMeshHeader {
  <3cf169ce-ff7c-44ab-93c0-f78f62d172e2>
  WORD nMaxSkinWeightsPerVertex;
  WORD nMaxSkinWeightsPerFace;
  WORD nBones;
}

template SkinWeights {
  <6f0d123b-bad2-4167-a0d0-80224f25fabb>
  STRING transformNodeName;
  DWORD nWeights;
  array DWORD vertexIndices[nWeights];
  array float weights[nWeights];
  Matrix4x4 matrixOffset;
}

Frame Root {
  FrameTransformMatrix {
     1.000000, 0.000000, 0.000000, 0.000000,
     0.000000,-0.000000,-1.000000, 0.000000,
     0.000000, 1.000000,-0.000000, 0.000000,
     0.000000, 0.000000, 0.000000, 1.000000;;
  }
  Frame Armature {
    FrameTransformMatrix {
       0.010000, 0.000000, 0.000000, 0.000000,
       0.000000,-0.000000, 0.010000, 0.000000,
       0.000000,-0.010000,-0.000000, 0.000000,
       0.000000, 0.000000, 0.000000, 1.000000;;
    }
    Frame Armature_mixamorig_Hips {
      FrameTransformMatrix {
        -0.881448,-0.453674,-0.131260, 0.000000,
        -0.450195, 0.891122,-0.056798, 0.000000,
         0.142736, 0.009028,-0.989720, 0.000000,
         4.925564,101.306519,50.402325, 1.000000;;
      }
      Frame Armature_mixamorig_LeftUpLeg {
        FrameTransformMatrix {
          -0.758450,-0.447636, 0.473655, 0.000000,
           0.484033,-0.873589,-0.050525, 0.000000,
           0.436423, 0.190954, 0.879191, 0.000000,
           9.789102,-5.875897,-0.583701, 1.000000;;
        }
        Frame Armature_mixamorig_LeftLeg {
          FrameTransformMatrix {
             0.985179, 0.004942,-0.171458, 0.000000,
            -0.056437, 0.953268,-0.296809, 0.000000,
             0.161978, 0.302087, 0.939418, 0.000000,
             0.000000,41.702003, 0.000001, 1.000000;;
          }
          Frame Armature_mixamorig_LeftFoot {
            FrameTransformMatrix {
               0.997420, 0.069269,-0.018828, 0.000000,
              -0.030018, 0.640763, 0.767151, 0.000000,
               0.065204,-0.764607, 0.641190, 0.000000,
              -0.000002,36.981022, 0.000007, 1.000000;;
            }
            Frame Armature_mixamorig_LeftToeBase {
              FrameTransformMatrix {
                 0.952571, 0.064727, 0.297351, 0.000000,
                -0.286003, 0.524252, 0.802098, 0.000000,
                -0.103969,-0.849099, 0.517900, 0.000000,
                 0.000001,16.700535,-0.000004, 1.000000;;
              }
              Frame Armature_mixamorig_LeftToe_End {
                FrameTransformMatrix {
                   1.000000,-0.000000,-0.000000, 0.000000,
                   0.000000, 1.000000, 0.000000, 0.000000,
                   0.000000,-0.000000, 1.000000, 0.000000,
                   0.000001, 7.120427,-0.000000, 1.000000;;
                }
              } // End of Armature_mixamorig_LeftToe_End
            } // End of Armature_mixamorig_LeftToeBase
          } // End of Armature_mixamorig_LeftFoot
        } // End of Armature_mixamorig_LeftLeg
      } // End of Armature_mixamorig_LeftUpLeg
      Frame Armature_mixamorig_RightUpLeg {
        FrameTransformMatrix {
          -0.785560, 0.262740,-0.560202, 0.000000,
          -0.616774,-0.259534, 0.743079, 0.000000,
           0.049848, 0.929306, 0.365907, 0.000000,
          -9.857698,-5.875893,-0.583700, 1.000000;;
        }
        Frame Armature_mixamorig_RightLeg {
          FrameTransformMatrix {
             0.983976, 0.162153,-0.074142, 0.000000,
            -0.177121, 0.841228,-0.510846, 0.000000,
            -0.020465, 0.515792, 0.856469, 0.000000,
             0.000008,41.702000,-0.000005, 1.000000;;
          }
          Frame Armature_mixamorig_RightFoot {
            FrameTransformMatrix {
               0.852585, 0.522521, 0.008407, 0.000000,
              -0.448094, 0.722677, 0.526261, 0.000000,
               0.268907,-0.452449, 0.850282, 0.000000,
               0.000004,36.981026, 0.000001, 1.000000;;
            }
            Frame Armature_mixamorig_RightToeBase {
              FrameTransformMatrix {
                 0.992217, 0.115949,-0.045407, 0.000000,
                -0.069096, 0.816016, 0.573885, 0.000000,
                 0.103594,-0.566281, 0.817676, 0.000000,
                -0.000000,16.700539, 0.000001, 1.000000;;
              }
              Frame Armature_mixamorig_RightToe_End {
                FrameTransformMatrix {
                   1.000000, 0.000000, 0.000000, 0.000000,
                  -0.000000, 1.000000, 0.000000, 0.000000,
                  -0.000000,-0.000000, 1.000000, 0.000000,
                   0.000008, 7.120430, 0.000003, 1.000000;;
                }
              } // End of Armature_mixamorig_RightToe_End
            } // End of Armature_mixamorig_RightToeBase
          } // End of Armature_mixamorig_RightFoot
        } // End of Armature_mixamorig_RightLeg
      } // End of Armature_mixamorig_RightUpLeg
      Frame Armature_mixamorig_Spine {
        FrameTransformMatrix {
           0.993056,-0.086515, 0.079714, 0.000000,
           0.084103, 0.995906, 0.033135, 0.000000,
          -0.082255,-0.026201, 0.996267, 0.000000,
           0.017299,10.574801,-1.117199, 1.000000;;
        }
        Frame Armature_mixamorig_Spine1 {
          FrameTransformMatrix {
             0.999769,-0.010880, 0.018557, 0.000000,
             0.010559, 0.999794, 0.017310, 0.000000,
            -0.018742,-0.017111, 0.999678, 0.000000,
            -0.000001,12.405994, 0.000005, 1.000000;;
          }
          Frame Armature_mixamorig_Spine2 {
            FrameTransformMatrix {
               0.999810,-0.010012, 0.016737, 0.000000,
               0.007881, 0.992393, 0.122855, 0.000000,
              -0.017840,-0.122700, 0.992283, 0.000000,
              -0.000011,14.178318, 0.000005, 1.000000;;
            }
            Frame Armature_mixamorig_LeftShoulder {
              FrameTransformMatrix {
                -0.384277, 0.307100,-0.870644, 0.000000,
                 0.858159,-0.228928,-0.459516, 0.000000,
                -0.340432,-0.923732,-0.175569, 0.000000,
                 5.934999,13.670191,-1.662602, 1.000000;;
              }
              Frame Armature_mixamorig_LeftArm {
                FrameTransformMatrix {
                   0.662480,-0.431708, 0.612167, 0.000000,
                   0.251832, 0.898015, 0.360762, 0.000000,
                  -0.705480,-0.084835, 0.703635, 0.000000,
                   0.000005,12.607894, 0.000002, 1.000000;;
                }
                Frame Armature_mixamorig_LeftForeArm {
                  FrameTransformMatrix {
                     0.982840, 0.161999, 0.088217, 0.000000,
                    -0.164200, 0.986258, 0.018245, 0.000000,
                    -0.084050,-0.032417, 0.995934, 0.000000,
                    -0.000010,25.574312,-0.000002, 1.000000;;
                  }
                  Frame Armature_mixamorig_LeftHand {
                    FrameTransformMatrix {
                       0.997054,-0.063436,-0.043128, 0.000000,
                       0.071252, 0.974141, 0.214414, 0.000000,
                       0.028411,-0.216856, 0.975790, 0.000000,
                      -0.000004,21.603399, 0.000000, 1.000000;;
                    }
                    Frame Armature_mixamorig_LeftHandIndex1 {
                      FrameTransformMatrix {
                         0.996198,-0.085837, 0.014853, 0.000000,
                         0.086020, 0.996219,-0.012177, 0.000000,
                        -0.013752, 0.013409, 0.999816, 0.000000,
                        -2.341911, 9.909716,-0.291389, 1.000000;;
                      }
                      Frame Armature_mixamorig_LeftHandIndex2 {
                        FrameTransformMatrix {
                           0.997045, 0.076820,-0.000108, 0.000000,
                          -0.076582, 0.994057, 0.077366, 0.000000,
                           0.006051,-0.077129, 0.997003, 0.000000,
                          -0.000004, 3.776709, 0.000011, 1.000000;;
                        }
                        Frame Armature_mixamorig_LeftHandIndex3 {
                          FrameTransformMatrix {
                             0.999481,-0.032228,-0.000290, 0.000000,
                             0.032222, 0.999045, 0.029510, 0.000000,
                            -0.000662,-0.029504, 0.999565, 0.000000,
                             0.000000, 2.543005, 0.000008, 1.000000;;
                          }
                          Frame Armature_mixamorig_LeftHandIndex4 {
                            FrameTransformMatrix {
                               1.000000, 0.000000,-0.000000, 0.000000,
                              -0.000000, 1.000000,-0.000000, 0.000000,
                               0.000000, 0.000000, 1.000000, 0.000000,
                              -0.000002, 2.529097,-0.000015, 1.000000;;
                            }
                          } // End of Armature_mixamorig_LeftHandIndex4
                        } // End of Armature_mixamorig_LeftHandIndex3
                      } // End of Armature_mixamorig_LeftHandIndex2
                    } // End of Armature_mixamorig_LeftHandIndex1
                    Frame Armature_mixamorig_LeftHandMiddle1 {
                      FrameTransformMatrix {
                         0.995652,-0.093144, 0.000735, 0.000000,
                         0.092940, 0.993935, 0.058775, 0.000000,
                        -0.006205,-0.058451, 0.998271, 0.000000,
                        -0.000006, 9.700806, 0.000004, 1.000000;;
                      }
                      Frame Armature_mixamorig_LeftHandMiddle2 {
                        FrameTransformMatrix {
                           0.996416, 0.084590, 0.000099, 0.000000,
                          -0.083392, 0.982105, 0.168865, 0.000000,
                           0.014187,-0.168268, 0.985639, 0.000000,
                          -0.000002, 4.014610,-0.000015, 1.000000;;
                        }
                        Frame Armature_mixamorig_LeftHandMiddle3 {
                          FrameTransformMatrix {
                             0.999623,-0.027457,-0.000578, 0.000000,
                             0.027204, 0.987102, 0.157766, 0.000000,
                            -0.003761,-0.157722, 0.987476, 0.000000,
                            -0.000004, 2.996697, 0.000000, 1.000000;;
                          }
                          Frame Armature_mixamorig_LeftHandMiddle4 {
                            FrameTransformMatrix {
                               1.000000,-0.000000,-0.000000, 0.000000,
                               0.000000, 1.000000,-0.000000, 0.000000,
                              -0.000000, 0.000000, 1.000000, 0.000000,
                              -0.000002, 2.824991,-0.000010, 1.000000;;
                            }
                          } // End of Armature_mixamorig_LeftHandMiddle4
                        } // End of Armature_mixamorig_LeftHandMiddle3
                      } // End of Armature_mixamorig_LeftHandMiddle2
                    } // End of Armature_mixamorig_LeftHandMiddle1
                    Frame Armature_mixamorig_LeftHandPinky1 {
                      FrameTransformMatrix {
                         0.999818,-0.005258,-0.018332, 0.000000,
                         0.012079, 0.918458, 0.395335, 0.000000,
                         0.014759,-0.395484, 0.918354, 0.000000,
                         4.712694, 8.985506,-0.221592, 1.000000;;
                      }
                      Frame Armature_mixamorig_LeftHandPinky2 {
                        FrameTransformMatrix {
                           1.000000, 0.000654, 0.000040, 0.000000,
                          -0.000613, 0.910960, 0.412493, 0.000000,
                           0.000233,-0.412492, 0.910961, 0.000000,
                           0.000004, 3.562506, 0.000004, 1.000000;;
                        }
                        Frame Armature_mixamorig_LeftHandPinky3 {
                          FrameTransformMatrix {
                             1.000000, 0.000654, 0.000102, 0.000000,
                            -0.000630, 0.893230, 0.449600, 0.000000,
                             0.000203,-0.449600, 0.893230, 0.000000,
                             0.000013, 2.335207,-0.000006, 1.000000;;
                          }
                          Frame Armature_mixamorig_LeftHandPinky4 {
                            FrameTransformMatrix {
                               1.000000,-0.000000, 0.000000, 0.000000,
                               0.000000, 1.000000,-0.000000, 0.000000,
                               0.000000,-0.000000, 1.000000, 0.000000,
                              -0.000002, 2.037273, 0.000013, 1.000000;;
                            }
                          } // End of Armature_mixamorig_LeftHandPinky4
                        } // End of Armature_mixamorig_LeftHandPinky3
                      } // End of Armature_mixamorig_LeftHandPinky2
                    } // End of Armature_mixamorig_LeftHandPinky1
                    Frame Armature_mixamorig_LeftHandRing1 {
                      FrameTransformMatrix {
                         0.999957,-0.004804,-0.007941, 0.000000,
                         0.006403, 0.976469, 0.215563, 0.000000,
                         0.006719,-0.215605, 0.976458, 0.000000,
                         2.241693, 9.308409,-0.143486, 1.000000;;
                      }
                      Frame Armature_mixamorig_LeftHandRing2 {
                        FrameTransformMatrix {
                           0.999760, 0.021885, 0.001357, 0.000000,
                          -0.020889, 0.931814, 0.362334, 0.000000,
                           0.006665,-0.362275, 0.932047, 0.000000,
                          -0.000004, 4.019399, 0.000004, 1.000000;;
                        }
                        Frame Armature_mixamorig_LeftHandRing3 {
                          FrameTransformMatrix {
                             0.999775,-0.021207, 0.000943, 0.000000,
                             0.020523, 0.976980, 0.212342, 0.000000,
                            -0.005424,-0.212275, 0.977195, 0.000000,
                             0.000000, 2.790808, 0.000001, 1.000000;;
                          }
                          Frame Armature_mixamorig_LeftHandRing4 {
                            FrameTransformMatrix {
                               1.000000,-0.000000, 0.000000, 0.000000,
                               0.000000, 1.000000, 0.000000, 0.000000,
                               0.000000, 0.000000, 1.000000, 0.000000,
                               0.000005, 2.540694, 0.000006, 1.000000;;
                            }
                          } // End of Armature_mixamorig_LeftHandRing4
                        } // End of Armature_mixamorig_LeftHandRing3
                      } // End of Armature_mixamorig_LeftHandRing2
                    } // End of Armature_mixamorig_LeftHandRing1
                    Frame Armature_mixamorig_LeftHandThumb1 {
                      FrameTransformMatrix {
                         0.889076, 0.352190, 0.292413, 0.000000,
                        -0.455298, 0.746511, 0.485206, 0.000000,
                        -0.047405,-0.564520, 0.824057, 0.000000,
                        -2.370405, 3.545609, 1.908203, 1.000000;;
                      }
                      Frame Armature_mixamorig_LeftHandThumb2 {
                        FrameTransformMatrix {
                           0.769791,-0.388130,-0.506731, 0.000000,
                           0.264567, 0.916493,-0.300074, 0.000000,
                           0.580884, 0.096930, 0.808195, 0.000000,
                          -0.000007, 2.808389, 0.000008, 1.000000;;
                        }
                        Frame Armature_mixamorig_LeftHandThumb3 {
                          FrameTransformMatrix {
                             0.626617,-0.289849,-0.723422, 0.000000,
                             0.144286, 0.955364,-0.257801, 0.000000,
                             0.765854, 0.057163, 0.640468, 0.000000,
                             0.000005, 2.378992,-0.000005, 1.000000;;
                          }
                          Frame Armature_mixamorig_LeftHandThumb4 {
                            FrameTransformMatrix {
                               1.000000,-0.000000, 0.000000, 0.000000,
                              -0.000000, 1.000000, 0.000000, 0.000000,
                              -0.000000,-0.000000, 1.000000, 0.000000,
                              -0.000006, 2.445002, 0.000000, 1.000000;;
                            }
                          } // End of Armature_mixamorig_LeftHandThumb4
                        } // End of Armature_mixamorig_LeftHandThumb3
                      } // End of Armature_mixamorig_LeftHandThumb2
                    } // End of Armature_mixamorig_LeftHandThumb1
                  } // End of Armature_mixamorig_LeftHand
                  Frame Armature_mixamorig_Shield_joint {
                    FrameTransformMatrix {
                      -0.000000, 1.000000,-0.000000, 0.000000,
                       0.000000,-0.000000,-1.000000, 0.000000,
                      -1.000000, 0.000000,-0.000000, 0.000000,
                       0.398203,14.663403,-5.648611, 1.000000;;
                    }
                  } // End of Armature_mixamorig_Shield_joint
                } // End of Armature_mixamorig_LeftForeArm
              } // End of Armature_mixamorig_LeftArm
            } // End of Armature_mixamorig_LeftShoulder
            Frame Armature_mixamorig_Neck {
              FrameTransformMatrix {
                 0.988217, 0.096792, 0.118566, 0.000000,
                -0.090048, 0.994069,-0.060981, 0.000000,
                -0.123765, 0.049586, 0.991072, 0.000000,
                 0.024395,15.862289,-1.675805, 1.000000;;
              }
              Frame Armature_mixamorig_Head {
                FrameTransformMatrix {
                   0.835055, 0.126797, 0.535356, 0.000000,
                  -0.024799, 0.980765,-0.193609, 0.000000,
                  -0.549607, 0.148398, 0.822137, 0.000000,
                   0.000006, 5.563988, 0.988101, 1.000000;;
                }
                Frame Armature_mixamorig_HeadTop_End {
                  FrameTransformMatrix {
                     1.000000, 0.000000,-0.000000, 0.000000,
                    -0.000000, 1.000000,-0.000000, 0.000000,
                    -0.000000, 0.000000, 1.000000, 0.000000,
                    -0.000008,18.311920, 3.086903, 1.000000;;
                  }
                } // End of Armature_mixamorig_HeadTop_End
                Frame Armature_mixamorig_LeftEye {
                  FrameTransformMatrix {
                    -0.000000,-0.000000,-1.000000, 0.000000,
                     1.000000,-0.000000,-0.000000, 0.000000,
                    -0.000000,-1.000000,-0.000000, 0.000000,
                     2.284389, 7.935722, 7.063702, 1.000000;;
                  }
                } // End of Armature_mixamorig_LeftEye
                Frame Armature_mixamorig_RightEye {
                  FrameTransformMatrix {
                    -0.000000, 0.000000, 1.000000, 0.000000,
                    -1.000000, 0.000000, 0.000000, 0.000000,
                    -0.000000,-1.000000,-0.000000, 0.000000,
                    -2.377510, 7.935724, 7.063704, 1.000000;;
                  }
                } // End of Armature_mixamorig_RightEye
              } // End of Armature_mixamorig_Head
            } // End of Armature_mixamorig_Neck
            Frame Armature_mixamorig_RightShoulder {
              FrameTransformMatrix {
                 0.388843,-0.064712, 0.919029, 0.000000,
                -0.900591, 0.183635, 0.393972, 0.000000,
                -0.194261,-0.980862, 0.013126, 0.000000,
                -5.979201,13.670193,-1.662603, 1.000000;;
              }
              Frame Armature_mixamorig_RightArm {
                FrameTransformMatrix {
                   0.441405,-0.867755,-0.228391, 0.000000,
                   0.880602, 0.467806,-0.075484, 0.000000,
                   0.172344,-0.167803, 0.970639, 0.000000,
                  -0.000009,12.607884, 0.000007, 1.000000;;
                }
                Frame Armature_mixamorig_RightForeArm {
                  FrameTransformMatrix {
                     0.400912,-0.866084, 0.298609, 0.000000,
                     0.914728, 0.396384,-0.078443, 0.000000,
                    -0.050426, 0.304594, 0.951147, 0.000000,
                     0.000004,25.574299,-0.000009, 1.000000;;
                  }
                  Frame Armature_mixamorig_RightHand {
                    FrameTransformMatrix {
                       0.975858, 0.022566,-0.217236, 0.000000,
                      -0.051343, 0.990476,-0.127752, 0.000000,
                       0.212284, 0.135821, 0.967723, 0.000000,
                       0.000005,21.603502, 0.000004, 1.000000;;
                    }
                    Frame Armature_mixamorig_RightHandIndex1 {
                      FrameTransformMatrix {
                         0.998666, 0.051623,-0.000735, 0.000000,
                        -0.024039, 0.477540, 0.878281, 0.000000,
                         0.045691,-0.877092, 0.478145, 0.000000,
                         2.341902, 9.909604,-0.291397, 1.000000;;
                      }
                      Frame Armature_mixamorig_RightHandIndex2 {
                        FrameTransformMatrix {
                           0.997041,-0.076867,-0.000040, 0.000000,
                           0.030554, 0.395833, 0.917814, 0.000000,
                          -0.070534,-0.915100, 0.397010, 0.000000,
                          -0.000006, 3.776702,-0.000009, 1.000000;;
                        }
                        Frame Armature_mixamorig_RightHandIndex3 {
                          FrameTransformMatrix {
                             0.999417, 0.007271, 0.033364, 0.000000,
                            -0.032428, 0.508175, 0.860643, 0.000000,
                            -0.010697,-0.861223, 0.508115, 0.000000,
                            -0.000002, 2.543007, 0.000005, 1.000000;;
                          }
                          Frame Armature_mixamorig_RightHandIndex4 {
                            FrameTransformMatrix {
                               1.000000, 0.000000,-0.000000, 0.000000,
                              -0.000000, 1.000000, 0.000000, 0.000000,
                              -0.000000,-0.000000, 1.000000, 0.000000,
                               0.000003, 2.529002, 0.000021, 1.000000;;
                            }
                          } // End of Armature_mixamorig_RightHandIndex4
                        } // End of Armature_mixamorig_RightHandIndex3
                      } // End of Armature_mixamorig_RightHandIndex2
                    } // End of Armature_mixamorig_RightHandIndex1
                    Frame Armature_mixamorig_RightHandMiddle1 {
                      FrameTransformMatrix {
                         0.999771, 0.002026,-0.021313, 0.000000,
                         0.019050, 0.370159, 0.928773, 0.000000,
                         0.009770,-0.928966, 0.370036, 0.000000,
                        -0.000000, 9.700602,-0.000006, 1.000000;;
                      }
                      Frame Armature_mixamorig_RightHandMiddle2 {
                        FrameTransformMatrix {
                           0.996318,-0.085719,-0.001573, 0.000000,
                           0.009785, 0.095462, 0.995385, 0.000000,
                          -0.085173,-0.991736, 0.095949, 0.000000,
                          -0.000001, 4.014613,-0.000003, 1.000000;;
                        }
                        Frame Armature_mixamorig_RightHandMiddle3 {
                          FrameTransformMatrix {
                             0.999604, 0.023148, 0.015994, 0.000000,
                            -0.028120, 0.841186, 0.540015, 0.000000,
                            -0.000954,-0.540251, 0.841504, 0.000000,
                            -0.000003, 2.996705, 0.000001, 1.000000;;
                          }
                          Frame Armature_mixamorig_RightHandMiddle4 {
                            FrameTransformMatrix {
                               1.000000, 0.000000,-0.000000, 0.000000,
                               0.000000, 1.000000,-0.000000, 0.000000,
                              -0.000000, 0.000000, 1.000000, 0.000000,
                              -0.000004, 2.824986,-0.000007, 1.000000;;
                            }
                          } // End of Armature_mixamorig_RightHandMiddle4
                        } // End of Armature_mixamorig_RightHandMiddle3
                      } // End of Armature_mixamorig_RightHandMiddle2
                    } // End of Armature_mixamorig_RightHandMiddle1
                    Frame Armature_mixamorig_RightHandPinky1 {
                      FrameTransformMatrix {
                         0.997579,-0.002016,-0.069517, 0.000000,
                         0.069520, 0.056416, 0.995984, 0.000000,
                         0.001914,-0.998405, 0.056420, 0.000000,
                        -4.712805, 8.985300,-0.221706, 1.000000;;
                      }
                      Frame Armature_mixamorig_RightHandPinky2 {
                        FrameTransformMatrix {
                           0.999999,-0.001257,-0.000627, 0.000000,
                           0.001241, 0.581908, 0.813254, 0.000000,
                          -0.000657,-0.813254, 0.581909, 0.000000,
                           0.000000, 3.562507,-0.000001, 1.000000;;
                        }
                        Frame Armature_mixamorig_RightHandPinky3 {
                          FrameTransformMatrix {
                             1.000000,-0.000645,-0.000158, 0.000000,
                             0.000649, 0.900092, 0.435699, 0.000000,
                            -0.000139,-0.435699, 0.900092, 0.000000,
                             0.000001, 2.335208, 0.000014, 1.000000;;
                          }
                          Frame Armature_mixamorig_RightHandPinky4 {
                            FrameTransformMatrix {
                               1.000000, 0.000000, 0.000000, 0.000000,
                               0.000000, 1.000000,-0.000000, 0.000000,
                              -0.000000, 0.000000, 1.000000, 0.000000,
                              -0.000001, 2.037299,-0.000020, 1.000000;;
                            }
                          } // End of Armature_mixamorig_RightHandPinky4
                        } // End of Armature_mixamorig_RightHandPinky3
                      } // End of Armature_mixamorig_RightHandPinky2
                    } // End of Armature_mixamorig_RightHandPinky1
                    Frame Armature_mixamorig_RightHandRing1 {
                      FrameTransformMatrix {
                         0.996657, 0.080287, 0.015138, 0.000000,
                        -0.029970, 0.186895, 0.981923, 0.000000,
                         0.076006,-0.979094, 0.188676, 0.000000,
                        -2.241699, 9.308311,-0.143596, 1.000000;;
                      }
                      Frame Armature_mixamorig_RightHandRing2 {
                        FrameTransformMatrix {
                           0.999718,-0.020078,-0.012706, 0.000000,
                           0.017954, 0.288043, 0.957449, 0.000000,
                          -0.015564,-0.957407, 0.288322, 0.000000,
                           0.000007, 4.019395,-0.000003, 1.000000;;
                        }
                        Frame Armature_mixamorig_RightHandRing3 {
                          FrameTransformMatrix {
                             0.999784, 0.020757,-0.001198, 0.000000,
                            -0.015341, 0.775388, 0.631298, 0.000000,
                             0.014033,-0.631144, 0.775539, 0.000000,
                            -0.000002, 2.790810,-0.000008, 1.000000;;
                          }
                          Frame Armature_mixamorig_RightHandRing4 {
                            FrameTransformMatrix {
                               1.000000, 0.000000, 0.000000, 0.000000,
                               0.000000, 1.000000, 0.000000, 0.000000,
                              -0.000000, 0.000000, 1.000000, 0.000000,
                              -0.000007, 2.540692, 0.000003, 1.000000;;
                            }
                          } // End of Armature_mixamorig_RightHandRing4
                        } // End of Armature_mixamorig_RightHandRing3
                      } // End of Armature_mixamorig_RightHandRing2
                    } // End of Armature_mixamorig_RightHandRing1
                    Frame Armature_mixamorig_RightHandThumb1 {
                      FrameTransformMatrix {
                         0.976732,-0.103456, 0.187858, 0.000000,
                        -0.095406, 0.574892, 0.812648, 0.000000,
                        -0.192071,-0.811663, 0.551645, 0.000000,
                         2.370398, 3.545506, 1.908100, 1.000000;;
                      }
                      Frame Armature_mixamorig_RightHandThumb2 {
                        FrameTransformMatrix {
                           0.951148, 0.004170, 0.308707, 0.000000,
                           0.056214, 0.980855,-0.186449, 0.000000,
                          -0.303574, 0.194694, 0.932704, 0.000000,
                          -0.000002, 2.808389, 0.000001, 1.000000;;
                        }
                        Frame Armature_mixamorig_RightHandThumb3 {
                          FrameTransformMatrix {
                             0.927105, 0.226646,-0.298511, 0.000000,
                            -0.296312, 0.930931,-0.213463, 0.000000,
                             0.229512, 0.286355, 0.930228, 0.000000,
                            -0.000003, 2.379002,-0.000004, 1.000000;;
                          }
                          Frame Armature_mixamorig_RightHandThumb4 {
                            FrameTransformMatrix {
                               1.000000,-0.000000, 0.000000, 0.000000,
                               0.000000, 1.000000,-0.000000, 0.000000,
                              -0.000000, 0.000000, 1.000000, 0.000000,
                              -0.000014, 2.445010, 0.000010, 1.000000;;
                            }
                          } // End of Armature_mixamorig_RightHandThumb4
                        } // End of Armature_mixamorig_RightHandThumb3
                      } // End of Armature_mixamorig_RightHandThumb2
                    } // End of Armature_mixamorig_RightHandThumb1
                    Frame Armature_mixamorig_Sword_joint {
                      FrameTransformMatrix {
                        -0.000000,-1.000000,-0.000000, 0.000000,
                        -0.000000, 0.000000,-1.000000, 0.000000,
                         1.000000, 0.000000,-0.000000, 0.000000,
                        -0.770200, 7.960003, 2.820791, 1.000000;;
                      }
                    } // End of Armature_mixamorig_Sword_joint
                  } // End of Armature_mixamorig_RightHand
                } // End of Armature_mixamorig_RightForeArm
              } // End of Armature_mixamorig_RightArm
            } // End of Armature_mixamorig_RightShoulder
          } // End of Armature_mixamorig_Spine2
        } // End of Armature_mixamorig_Spine1
      } // End of Armature_mixamorig_Spine
    } // End of Armature_mixamorig_Hips
  } // End of Armature
} // End of Root
AnimationSet Global {
  Animation {
    {Armature}
    AnimationKey { // Rotation
      0;
      75;
      0;4;-0.707107, 0.707107, 0.000000, 0.000000;;,
      1;4;-0.707107, 0.707107, 0.000000, 0.000000;;,
      2;4;-0.707107, 0.707107, 0.000000, 0.000000;;,
      3;4;-0.707107, 0.707107, 0.000000, 0.000000;;,
      4;4;-0.707107, 0.707107, 0.000000, 0.000000;;,
      5;4;-0.707107, 0.707107, 0.000000, 0.000000;;,
      6;4;-0.707107, 0.707107, 0.000000, 0.000000;;,
      7;4;-0.707107, 0.707107, 0.000000, 0.000000;;,
      8;4;-0.707107, 0.707107, 0.000000, 0.000000;;,
      9;4;-0.707107, 0.707107, 0.000000, 0.000000;;,
      10;4;-0.707107, 0.707107, 0.000000, 0.000000;;,
      11;4;-0.707107, 0.707107, 0.000000, 0.000000;;,
      12;4;-0.707107, 0.707107, 0.000000, 0.000000;;,
      13;4;-0.707107, 0.707107, 0.000000, 0.000000;;,
      14;4;-0.707107, 0.707107, 0.000000, 0.000000;;,
      15;4;-0.707107, 0.707107, 0.000000, 0.000000;;,
      16;4;-0.707107, 0.707107, 0.000000, 0.000000;;,
      17;4;-0.707107, 0.707107, 0.000000, 0.000000;;,
      18;4;-0.707107, 0.707107, 0.000000, 0.000000;;,
      19;4;-0.707107, 0.707107, 0.000000, 0.000000;;,
      20;4;-0.707107, 0.707107, 0.000000, 0.000000;;,
      21;4;-0.707107, 0.707107, 0.000000, 0.000000;;,
      22;4;-0.707107, 0.707107, 0.000000, 0.000000;;,
      23;4;-0.707107, 0.707107, 0.000000, 0.000000;;,
      24;4;-0.707107, 0.707107, 0.000000, 0.000000;;,
      25;4;-0.707107, 0.707107, 0.000000, 0.000000;;,
      26;4;-0.707107, 0.707107, 0.000000, 0.000000;;,
      27;4;-0.707107, 0.707107, 0.000000, 0.000000;;,
      28;4;-0.707107, 0.707107, 0.000000, 0.000000;;,
      29;4;-0.707107, 0.707107, 0.000000, 0.000000;;,
      30;4;-0.707107, 0.707107, 0.000000, 0.000000;;,
      31;4;-0.707107, 0.707107, 0.000000, 0.000000;;,
      32;4;-0.707107, 0.707107, 0.000000, 0.000000;;,
      33;4;-0.707107, 0.707107, 0.000000, 0.000000;;,
      34;4;-0.707107, 0.707107, 0.000000, 0.000000;;,
      35;4;-0.707107, 0.707107, 0.000000, 0.000000;;,
      36;4;-0.707107, 0.707107, 0.000000, 0.000000;;,
      37;4;-0.707107, 0.707107, 0.000000, 0.000000;;,
      38;4;-0.707107, 0.707107, 0.000000, 0.000000;;,
      39;4;-0.707107, 0.707107, 0.000000, 0.000000;;,
      40;4;-0.707107, 0.707107, 0.000000, 0.000000;;,
      41;4;-0.707107, 0.707107, 0.000000, 0.000000;;,
      42;4;-0.707107, 0.707107, 0.000000, 0.000000;;,
      43;4;-0.707107, 0.707107, 0.000000, 0.000000;;,
      44;4;-0.707107, 0.707107, 0.000000, 0.000000;;,
      45;4;-0.707107, 0.707107, 0.000000, 0.000000;;,
      46;4;-0.707107, 0.707107, 0.000000, 0.000000;;,
      47;4;-0.707107, 0.707107, 0.000000, 0.000000;;,
      48;4;-0.707107, 0.707107, 0.000000, 0.000000;;,
      49;4;-0.707107, 0.707107, 0.000000, 0.000000;;,
      50;4;-0.707107, 0.707107, 0.000000, 0.000000;;,
      51;4;-0.707107, 0.707107, 0.000000, 0.000000;;,
      52;4;-0.707107, 0.707107, 0.000000, 0.000000;;,
      53;4;-0.707107, 0.707107, 0.000000, 0.000000;;,
      54;4;-0.707107, 0.707107, 0.000000, 0.000000;;,
      55;4;-0.707107, 0.707107, 0.000000, 0.000000;;,
      56;4;-0.707107, 0.707107, 0.000000, 0.000000;;,
      57;4;-0.707107, 0.707107, 0.000000, 0.000000;;,
      58;4;-0.707107, 0.707107, 0.000000, 0.000000;;,
      59;4;-0.707107, 0.707107, 0.000000, 0.000000;;,
      60;4;-0.707107, 0.707107, 0.000000, 0.000000;;,
      61;4;-0.707107, 0.707107, 0.000000, 0.000000;;,
      62;4;-0.707107, 0.707107, 0.000000, 0.000000;;,
      63;4;-0.707107, 0.707107, 0.000000, 0.000000;;,
      64;4;-0.707107, 0.707107, 0.000000, 0.000000;;,
      65;4;-0.707107, 0.707107, 0.000000, 0.000000;;,
      66;4;-0.707107, 0.707107, 0.000000, 0.000000;;,
      67;4;-0.707107, 0.707107, 0.000000, 0.000000;;,
      68;4;-0.707107, 0.707107, 0.000000, 0.000000;;,
      69;4;-0.707107, 0.707107, 0.000000, 0.000000;;,
      70;4;-0.707107, 0.707107, 0.000000, 0.000000;;,
      71;4;-0.707107, 0.707107, 0.000000, 0.000000;;,
      72;4;-0.707107, 0.707107, 0.000000, 0.000000;;,
      73;4;-0.707107, 0.707107, 0.000000, 0.000000;;,
      74;4;-0.707107, 0.707107, 0.000000, 0.000000;;;
    }
    AnimationKey { // Scale
      1;
      75;
      0;3; 0.010000, 0.010000, 0.010000;;,
      1;3; 0.010000, 0.010000, 0.010000;;,
      2;3; 0.010000, 0.010000, 0.010000;;,
      3;3; 0.010000, 0.010000, 0.010000;;,
      4;3; 0.010000, 0.010000, 0.010000;;,
      5;3; 0.010000, 0.010000, 0.010000;;,
      6;3; 0.010000, 0.010000, 0.010000;;,
      7;3; 0.010000, 0.010000, 0.010000;;,
      8;3; 0.010000, 0.010000, 0.010000;;,
      9;3; 0.010000, 0.010000, 0.010000;;,
      10;3; 0.010000, 0.010000, 0.010000;;,
      11;3; 0.010000, 0.010000, 0.010000;;,
      12;3; 0.010000, 0.010000, 0.010000;;,
      13;3; 0.010000, 0.010000, 0.010000;;,
      14;3; 0.010000, 0.010000, 0.010000;;,
      15;3; 0.010000, 0.010000, 0.010000;;,
      16;3; 0.010000, 0.010000, 0.010000;;,
      17;3; 0.010000, 0.010000, 0.010000;;,
      18;3; 0.010000, 0.010000, 0.010000;;,
      19;3; 0.010000, 0.010000, 0.010000;;,
      20;3; 0.010000, 0.010000, 0.010000;;,
      21;3; 0.010000, 0.010000, 0.010000;;,
      22;3; 0.010000, 0.010000, 0.010000;;,
      23;3; 0.010000, 0.010000, 0.010000;;,
      24;3; 0.010000, 0.010000, 0.010000;;,
      25;3; 0.010000, 0.010000, 0.010000;;,
      26;3; 0.010000, 0.010000, 0.010000;;,
      27;3; 0.010000, 0.010000, 0.010000;;,
      28;3; 0.010000, 0.010000, 0.010000;;,
      29;3; 0.010000, 0.010000, 0.010000;;,
      30;3; 0.010000, 0.010000, 0.010000;;,
      31;3; 0.010000, 0.010000, 0.010000;;,
      32;3; 0.010000, 0.010000, 0.010000;;,
      33;3; 0.010000, 0.010000, 0.010000;;,
      34;3; 0.010000, 0.010000, 0.010000;;,
      35;3; 0.010000, 0.010000, 0.010000;;,
      36;3; 0.010000, 0.010000, 0.010000;;,
      37;3; 0.010000, 0.010000, 0.010000;;,
      38;3; 0.010000, 0.010000, 0.010000;;,
      39;3; 0.010000, 0.010000, 0.010000;;,
      40;3; 0.010000, 0.010000, 0.010000;;,
      41;3; 0.010000, 0.010000, 0.010000;;,
      42;3; 0.010000, 0.010000, 0.010000;;,
      43;3; 0.010000, 0.010000, 0.010000;;,
      44;3; 0.010000, 0.010000, 0.010000;;,
      45;3; 0.010000, 0.010000, 0.010000;;,
      46;3; 0.010000, 0.010000, 0.010000;;,
      47;3; 0.010000, 0.010000, 0.010000;;,
      48;3; 0.010000, 0.010000, 0.010000;;,
      49;3; 0.010000, 0.010000, 0.010000;;,
      50;3; 0.010000, 0.010000, 0.010000;;,
      51;3; 0.010000, 0.010000, 0.010000;;,
      52;3; 0.010000, 0.010000, 0.010000;;,
      53;3; 0.010000, 0.010000, 0.010000;;,
      54;3; 0.010000, 0.010000, 0.010000;;,
      55;3; 0.010000, 0.010000, 0.010000;;,
      56;3; 0.010000, 0.010000, 0.010000;;,
      57;3; 0.010000, 0.010000, 0.010000;;,
      58;3; 0.010000, 0.010000, 0.010000;;,
      59;3; 0.010000, 0.010000, 0.010000;;,
      60;3; 0.010000, 0.010000, 0.010000;;,
      61;3; 0.010000, 0.010000, 0.010000;;,
      62;3; 0.010000, 0.010000, 0.010000;;,
      63;3; 0.010000, 0.010000, 0.010000;;,
      64;3; 0.010000, 0.010000, 0.010000;;,
      65;3; 0.010000, 0.010000, 0.010000;;,
      66;3; 0.010000, 0.010000, 0.010000;;,
      67;3; 0.010000, 0.010000, 0.010000;;,
      68;3; 0.010000, 0.010000, 0.010000;;,
      69;3; 0.010000, 0.010000, 0.010000;;,
      70;3; 0.010000, 0.010000, 0.010000;;,
      71;3; 0.010000, 0.010000, 0.010000;;,
      72;3; 0.010000, 0.010000, 0.010000;;,
      73;3; 0.010000, 0.010000, 0.010000;;,
      74;3; 0.010000, 0.010000, 0.010000;;;
    }
    AnimationKey { // Position
      2;
      75;
      0;3; 0.000000, 0.000000, 0.000000;;,
      1;3; 0.000000, 0.000000, 0.000000;;,
      2;3; 0.000000, 0.000000, 0.000000;;,
      3;3; 0.000000, 0.000000, 0.000000;;,
      4;3; 0.000000, 0.000000, 0.000000;;,
      5;3; 0.000000, 0.000000, 0.000000;;,
      6;3; 0.000000, 0.000000, 0.000000;;,
      7;3; 0.000000, 0.000000, 0.000000;;,
      8;3; 0.000000, 0.000000, 0.000000;;,
      9;3; 0.000000, 0.000000, 0.000000;;,
      10;3; 0.000000, 0.000000, 0.000000;;,
      11;3; 0.000000, 0.000000, 0.000000;;,
      12;3; 0.000000, 0.000000, 0.000000;;,
      13;3; 0.000000, 0.000000, 0.000000;;,
      14;3; 0.000000, 0.000000, 0.000000;;,
      15;3; 0.000000, 0.000000, 0.000000;;,
      16;3; 0.000000, 0.000000, 0.000000;;,
      17;3; 0.000000, 0.000000, 0.000000;;,
      18;3; 0.000000, 0.000000, 0.000000;;,
      19;3; 0.000000, 0.000000, 0.000000;;,
      20;3; 0.000000, 0.000000, 0.000000;;,
      21;3; 0.000000, 0.000000, 0.000000;;,
      22;3; 0.000000, 0.000000, 0.000000;;,
