xof 0303txt 0032

template XSkinMeshHeader {
  <3cf169ce-ff7c-44ab-93c0-f78f62d172e2>
  WORD nMaxSkinWeightsPerVertex;
  WORD nMaxSkinWeightsPerFace;
  WORD nBones;
}

template SkinWeights {
  <6f0d123b-bad2-4167-a0d0-80224f25fabb>
  STRING transformNodeName;
  DWORD nWeights;
  array DWORD vertexIndices[nWeights];
  array float weights[nWeights];
  Matrix4x4 matrixOffset;
}

Frame Root {
  FrameTransformMatrix {
     1.000000, 0.000000, 0.000000, 0.000000,
     0.000000,-0.000000,-1.000000, 0.000000,
     0.000000, 1.000000,-0.000000, 0.000000,
     0.000000, 0.000000, 0.000000, 1.000000;;
  }
  Frame Armature {
    FrameTransformMatrix {
       0.010000, 0.000000, 0.000000, 0.000000,
       0.000000,-0.000000, 0.010000, 0.000000,
       0.000000,-0.010000,-0.000000, 0.000000,
       0.000000, 0.000000, 0.000000, 1.000000;;
    }
    Frame Armature_mixamorig_Hips {
      FrameTransformMatrix {
         0.335445,-0.309549,-0.889751, 0.000000,
         0.260516, 0.938123,-0.228161, 0.000000,
         0.905322,-0.155259, 0.395331, 0.000000,
        -13.451830,27.742226,34.324963, 1.000000;;
      }
      Frame Armature_mixamorig_LeftUpLeg {
        FrameTransformMatrix {
          -0.660407, 0.733989, 0.158492, 0.000000,
          -0.486012,-0.578713, 0.654854, 0.000000,
           0.572412, 0.355460, 0.738868, 0.000000,
           9.789098,-5.875900,-0.583702, 1.000000;;
        }
        Frame Armature_mixamorig_LeftLeg {
          FrameTransformMatrix {
             0.998509,-0.006476,-0.054205, 0.000000,
            -0.046711,-0.615261,-0.786939, 0.000000,
            -0.028254, 0.788297,-0.614646, 0.000000,
            -0.000002,41.702003,-0.000002, 1.000000;;
          }
          Frame Armature_mixamorig_LeftFoot {
            FrameTransformMatrix {
               0.865710, 0.230864,-0.444127, 0.000000,
               0.156881, 0.717435, 0.678731, 0.000000,
               0.475327,-0.657259, 0.584872, 0.000000,
               0.000001,36.981030,-0.000003, 1.000000;;
            }
            Frame Armature_mixamorig_LeftToeBase {
              FrameTransformMatrix {
                 0.999993, 0.001539, 0.003374, 0.000000,
                -0.002926, 0.886530, 0.462662, 0.000000,
                -0.002279,-0.462669, 0.886528, 0.000000,
                 0.000000,16.700533,-0.000000, 1.000000;;
              }
              Frame Armature_mixamorig_LeftToe_End {
                FrameTransformMatrix {
                   1.000000,-0.000000,-0.000000, 0.000000,
                   0.000000, 1.000000, 0.000000, 0.000000,
                   0.000000,-0.000000, 1.000000, 0.000000,
                  -0.000000, 7.120429, 0.000001, 1.000000;;
                }
              } // End of Armature_mixamorig_LeftToe_End
            } // End of Armature_mixamorig_LeftToeBase
          } // End of Armature_mixamorig_LeftFoot
        } // End of Armature_mixamorig_LeftLeg
      } // End of Armature_mixamorig_LeftUpLeg
      Frame Armature_mixamorig_RightUpLeg {
        FrameTransformMatrix {
          -0.614496,-0.037977,-0.787958, 0.000000,
          -0.733711, 0.394594, 0.553105, 0.000000,
           0.289936, 0.918070,-0.270327, 0.000000,
          -9.857702,-5.875897,-0.583703, 1.000000;;
        }
        Frame Armature_mixamorig_RightLeg {
          FrameTransformMatrix {
             0.999386,-0.028680,-0.020103, 0.000000,
            -0.028308,-0.323474,-0.945813, 0.000000,
             0.020623, 0.945802,-0.324087, 0.000000,
             0.000004,41.702011,-0.000001, 1.000000;;
          }
          Frame Armature_mixamorig_RightFoot {
            FrameTransformMatrix {
               0.975687, 0.215237, 0.041334, 0.000000,
              -0.196194, 0.773671, 0.602446, 0.000000,
               0.097690,-0.595908, 0.797089, 0.000000,
               0.000001,36.981026,-0.000009, 1.000000;;
            }
            Frame Armature_mixamorig_RightToeBase {
              FrameTransformMatrix {
                 0.995702,-0.092538, 0.003737, 0.000000,
                 0.070485, 0.783358, 0.617561, 0.000000,
                -0.060075,-0.614643, 0.786514, 0.000000,
                 0.000002,16.700525, 0.000001, 1.000000;;
              }
              Frame Armature_mixamorig_RightToe_End {
                FrameTransformMatrix {
                   1.000000, 0.000000, 0.000000, 0.000000,
                   0.000000, 1.000000, 0.000000, 0.000000,
                  -0.000000,-0.000000, 1.000000, 0.000000,
                   0.000002, 7.120430,-0.000000, 1.000000;;
                }
              } // End of Armature_mixamorig_RightToe_End
            } // End of Armature_mixamorig_RightToeBase
          } // End of Armature_mixamorig_RightFoot
        } // End of Armature_mixamorig_RightLeg
      } // End of Armature_mixamorig_RightUpLeg
      Frame Armature_mixamorig_Spine {
        FrameTransformMatrix {
           0.995343, 0.061221, 0.074462, 0.000000,
          -0.063483, 0.997579, 0.028392, 0.000000,
          -0.072543,-0.032987, 0.996820, 0.000000,
           0.017297,10.574799,-1.117202, 1.000000;;
        }
        Frame Armature_mixamorig_Spine1 {
          FrameTransformMatrix {
             0.981301, 0.115831, 0.153724, 0.000000,
            -0.153096, 0.953768, 0.258629, 0.000000,
            -0.116660,-0.277327, 0.953667, 0.000000,
            -0.000000,12.406001,-0.000001, 1.000000;;
          }
          Frame Armature_mixamorig_Spine2 {
            FrameTransformMatrix {
               0.981070, 0.117302, 0.154087, 0.000000,
              -0.165997, 0.919174, 0.357162, 0.000000,
              -0.099737,-0.375979, 0.921245, 0.000000,
               0.000001,14.178307,-0.000002, 1.000000;;
            }
            Frame Armature_mixamorig_LeftShoulder {
              FrameTransformMatrix {
                 0.002364, 0.185831,-0.982579, 0.000000,
                 0.999953,-0.009706, 0.000570, 0.000000,
                -0.009431,-0.982534,-0.185845, 0.000000,
                 5.935005,13.670202,-1.662604, 1.000000;;
              }
              Frame Armature_mixamorig_LeftArm {
                FrameTransformMatrix {
                   0.755501, 0.642602,-0.127595, 0.000000,
                  -0.466483, 0.664387, 0.583938, 0.000000,
                   0.460012,-0.381645, 0.801708, 0.000000,
                   0.000000,12.607897, 0.000007, 1.000000;;
                }
                Frame Armature_mixamorig_LeftForeArm {
                  FrameTransformMatrix {
                     0.923644, 0.383213,-0.005421, 0.000000,
                    -0.383218, 0.923658, 0.000143, 0.000000,
                     0.005062, 0.001945, 0.999985, 0.000000,
                    -0.000004,25.574312,-0.000000, 1.000000;;
                  }
                  Frame Armature_mixamorig_LeftHand {
                    FrameTransformMatrix {
                       0.543636, 0.093248,-0.834125, 0.000000,
                      -0.318213, 0.942513,-0.102029, 0.000000,
                       0.776660, 0.320896, 0.542056, 0.000000,
                       0.000001,21.603403, 0.000000, 1.000000;;
                    }
                    Frame Armature_mixamorig_LeftHandIndex1 {
                      FrameTransformMatrix {
                         0.984217, 0.033752,-0.173719, 0.000000,
                        -0.126765, 0.819427,-0.558989, 0.000000,
                         0.123483, 0.572188, 0.810773, 0.000000,
                        -2.341901, 9.909706,-0.291395, 1.000000;;
                      }
                      Frame Armature_mixamorig_LeftHandIndex2 {
                        FrameTransformMatrix {
                           0.999980,-0.006268, 0.001079, 0.000000,
                           0.006230, 0.999463, 0.032159, 0.000000,
                          -0.001280,-0.032152, 0.999482, 0.000000,
                          -0.000001, 3.776702, 0.000000, 1.000000;;
                        }
                        Frame Armature_mixamorig_LeftHandIndex3 {
                          FrameTransformMatrix {
                             1.000000, 0.000000, 0.000000, 0.000000,
                            -0.000000, 1.000000, 0.000000, 0.000000,
                            -0.000000,-0.000000, 1.000000, 0.000000,
                             0.000002, 2.543000,-0.000002, 1.000000;;
                          }
                          Frame Armature_mixamorig_LeftHandIndex4 {
                            FrameTransformMatrix {
                               1.000000, 0.000000, 0.000000, 0.000000,
                              -0.000000, 1.000000,-0.000000, 0.000000,
                              -0.000000, 0.000000, 1.000000, 0.000000,
                               0.000002, 2.529099, 0.000001, 1.000000;;
                            }
                          } // End of Armature_mixamorig_LeftHandIndex4
                        } // End of Armature_mixamorig_LeftHandIndex3
                      } // End of Armature_mixamorig_LeftHandIndex2
                    } // End of Armature_mixamorig_LeftHandIndex1
                    Frame Armature_mixamorig_LeftHandMiddle1 {
                      FrameTransformMatrix {
                         0.992786,-0.119734, 0.006226, 0.000000,
                         0.106188, 0.853987,-0.509342, 0.000000,
                         0.055668, 0.506330, 0.860541, 0.000000,
                         0.000000, 9.700805,-0.000000, 1.000000;;
                      }
                      Frame Armature_mixamorig_LeftHandMiddle2 {
                        FrameTransformMatrix {
                           0.999965,-0.008381, 0.000430, 0.000000,
                           0.008378, 0.999950, 0.005469, 0.000000,
                          -0.000475,-0.005465, 0.999985, 0.000000,
                          -0.000001, 4.014604,-0.000002, 1.000000;;
                        }
                        Frame Armature_mixamorig_LeftHandMiddle3 {
                          FrameTransformMatrix {
                             1.000000, 0.000000,-0.000000, 0.000000,
                            -0.000000, 1.000000,-0.000000, 0.000000,
                             0.000000, 0.000000, 1.000000, 0.000000,
                             0.000000, 2.996704,-0.000001, 1.000000;;
                          }
                          Frame Armature_mixamorig_LeftHandMiddle4 {
                            FrameTransformMatrix {
                               1.000000, 0.000000, 0.000000, 0.000000,
                               0.000000, 1.000000,-0.000000, 0.000000,
                              -0.000000, 0.000000, 1.000000, 0.000000,
                               0.000002, 2.824998,-0.000000, 1.000000;;
                            }
                          } // End of Armature_mixamorig_LeftHandMiddle4
                        } // End of Armature_mixamorig_LeftHandMiddle3
                      } // End of Armature_mixamorig_LeftHandMiddle2
                    } // End of Armature_mixamorig_LeftHandMiddle1
                    Frame Armature_mixamorig_LeftHandPinky1 {
                      FrameTransformMatrix {
                         0.918811,-0.325487, 0.223261, 0.000000,
                         0.391533, 0.823114,-0.411321, 0.000000,
                        -0.049890, 0.465340, 0.883725, 0.000000,
                         4.712702, 8.985506,-0.221601, 1.000000;;
                      }
                      Frame Armature_mixamorig_LeftHandPinky2 {
                        FrameTransformMatrix {
                           0.998552, 0.053748, 0.002122, 0.000000,
                          -0.053788, 0.997445, 0.047020, 0.000000,
                           0.000410,-0.047066, 0.998892, 0.000000,
                          -0.000002, 3.562501, 0.000002, 1.000000;;
                        }
                        Frame Armature_mixamorig_LeftHandPinky3 {
                          FrameTransformMatrix {
                             1.000000, 0.000000, 0.000000, 0.000000,
                             0.000000, 1.000000, 0.000000, 0.000000,
                            -0.000000,-0.000000, 1.000000, 0.000000,
                             0.000003, 2.335206, 0.000000, 1.000000;;
                          }
                          Frame Armature_mixamorig_LeftHandPinky4 {
                            FrameTransformMatrix {
                               1.000000, 0.000000, 0.000000, 0.000000,
                               0.000000, 1.000000, 0.000000, 0.000000,
                              -0.000000,-0.000000, 1.000000, 0.000000,
                              -0.000000, 2.037287, 0.000000, 1.000000;;
                            }
                          } // End of Armature_mixamorig_LeftHandPinky4
                        } // End of Armature_mixamorig_LeftHandPinky3
                      } // End of Armature_mixamorig_LeftHandPinky2
                    } // End of Armature_mixamorig_LeftHandPinky1
                    Frame Armature_mixamorig_LeftHandRing1 {
                      FrameTransformMatrix {
                         0.967412,-0.239186, 0.083091, 0.000000,
                         0.248908, 0.838104,-0.485413, 0.000000,
                         0.046465, 0.490277, 0.870327, 0.000000,
                         2.241700, 9.308406,-0.143492, 1.000000;;
                      }
                      Frame Armature_mixamorig_LeftHandRing2 {
                        FrameTransformMatrix {
                           0.999949, 0.010059, 0.000108, 0.000000,
                          -0.010060, 0.999905, 0.009407, 0.000000,
                          -0.000014,-0.009407, 0.999956, 0.000000,
                          -0.000002, 4.019395,-0.000000, 1.000000;;
                        }
                        Frame Armature_mixamorig_LeftHandRing3 {
                          FrameTransformMatrix {
                             1.000000, 0.000000, 0.000000, 0.000000,
                             0.000000, 1.000000,-0.000000, 0.000000,
                             0.000000, 0.000000, 1.000000, 0.000000,
                             0.000000, 2.790810,-0.000000, 1.000000;;
                          }
                          Frame Armature_mixamorig_LeftHandRing4 {
                            FrameTransformMatrix {
                               1.000000,-0.000000,-0.000000, 0.000000,
                               0.000000, 1.000000, 0.000000, 0.000000,
                               0.000000, 0.000000, 1.000000, 0.000000,
                              -0.000006, 2.540694, 0.000002, 1.000000;;
                            }
                          } // End of Armature_mixamorig_LeftHandRing4
                        } // End of Armature_mixamorig_LeftHandRing3
                      } // End of Armature_mixamorig_LeftHandRing2
                    } // End of Armature_mixamorig_LeftHandRing1
                    Frame Armature_mixamorig_LeftHandThumb1 {
                      FrameTransformMatrix {
                         0.731434, 0.674007, 0.103537, 0.000000,
                        -0.675665, 0.695824, 0.243528, 0.000000,
                         0.092096,-0.248080, 0.964352, 0.000000,
                        -2.370402, 3.545602, 1.908197, 1.000000;;
                      }
                      Frame Armature_mixamorig_LeftHandThumb2 {
                        FrameTransformMatrix {
                           0.935067,-0.350573, 0.052429, 0.000000,
                           0.347059, 0.875355,-0.336605, 0.000000,
                           0.072111, 0.332944, 0.940185, 0.000000,
                          -0.000003, 2.808399,-0.000000, 1.000000;;
                        }
                        Frame Armature_mixamorig_LeftHandThumb3 {
                          FrameTransformMatrix {
                             1.000000,-0.000000, 0.000000, 0.000000,
                             0.000000, 1.000000, 0.000002, 0.000000,
                            -0.000000,-0.000002, 1.000000, 0.000000,
                            -0.000002, 2.378998, 0.000000, 1.000000;;
                          }
                          Frame Armature_mixamorig_LeftHandThumb4 {
                            FrameTransformMatrix {
                               1.000000, 0.000000, 0.000000, 0.000000,
                               0.000000, 1.000000, 0.000000, 0.000000,
                              -0.000000,-0.000000, 1.000000, 0.000000,
                              -0.000003, 2.445002, 0.000002, 1.000000;;
                            }
                          } // End of Armature_mixamorig_LeftHandThumb4
                        } // End of Armature_mixamorig_LeftHandThumb3
                      } // End of Armature_mixamorig_LeftHandThumb2
                    } // End of Armature_mixamorig_LeftHandThumb1
                  } // End of Armature_mixamorig_LeftHand
                  Frame Armature_mixamorig_Shield_joint {
                    FrameTransformMatrix {
                       0.000000, 1.000000,-0.000000, 0.000000,
                       0.000000,-0.000000,-1.000000, 0.000000,
                      -1.000000, 0.000000,-0.000000, 0.000000,
                       0.398202,14.663402,-5.648606, 1.000000;;
                    }
                  } // End of Armature_mixamorig_Shield_joint
                } // End of Armature_mixamorig_LeftForeArm
              } // End of Armature_mixamorig_LeftArm
            } // End of Armature_mixamorig_LeftShoulder
            Frame Armature_mixamorig_Neck {
              FrameTransformMatrix {
                 0.934019, 0.178850, 0.309227, 0.000000,
                -0.184928, 0.982703,-0.009802, 0.000000,
                -0.305632,-0.048029, 0.950938, 0.000000,
                 0.024405,15.862297,-1.675801, 1.000000;;
              }
              Frame Armature_mixamorig_Head {
                FrameTransformMatrix {
                   0.946568, 0.001373, 0.322501, 0.000000,
                   0.144043, 0.892906,-0.426579, 0.000000,
                  -0.288549, 0.450241, 0.844999, 0.000000,
                   0.000003, 5.563998, 0.988100, 1.000000;;
                }
                Frame Armature_mixamorig_HeadTop_End {
                  FrameTransformMatrix {
                     1.000000, 0.000000,-0.000000, 0.000000,
                     0.000000, 1.000000,-0.000000, 0.000000,
                    -0.000000, 0.000000, 1.000000, 0.000000,
                     0.000004,18.311897, 3.086905, 1.000000;;
                  }
                } // End of Armature_mixamorig_HeadTop_End
                Frame Armature_mixamorig_LeftEye {
                  FrameTransformMatrix {
                    -0.000000, 0.000000,-1.000000, 0.000000,
                     1.000000,-0.000000,-0.000000, 0.000000,
                    -0.000000,-1.000000, 0.000000, 0.000000,
                     2.284403, 7.935700, 7.063704, 1.000000;;
                  }
                } // End of Armature_mixamorig_LeftEye
                Frame Armature_mixamorig_RightEye {
                  FrameTransformMatrix {
                     0.000000,-0.000000, 1.000000, 0.000000,
                    -1.000000, 0.000000,-0.000000, 0.000000,
                    -0.000000,-1.000000, 0.000000, 0.000000,
                    -2.377497, 7.935699, 7.063702, 1.000000;;
                  }
                } // End of Armature_mixamorig_RightEye
              } // End of Armature_mixamorig_Head
            } // End of Armature_mixamorig_Neck
            Frame Armature_mixamorig_RightShoulder {
              FrameTransformMatrix {
                -0.029618,-0.139255, 0.989814, 0.000000,
                -0.880731,-0.464651,-0.091725, 0.000000,
                 0.472691,-0.874476,-0.108884, 0.000000,
                -5.979195,13.670203,-1.662602, 1.000000;;
              }
              Frame Armature_mixamorig_RightArm {
                FrameTransformMatrix {
                   0.928791,-0.091587,-0.359108, 0.000000,
                   0.262575, 0.846439, 0.463244, 0.000000,
                   0.261536,-0.524550, 0.810213, 0.000000,
                   0.000006,12.607897,-0.000001, 1.000000;;
                }
                Frame Armature_mixamorig_RightForeArm {
                  FrameTransformMatrix {
                     0.715431,-0.698672, 0.004127, 0.000000,
                     0.698681, 0.715433,-0.001293, 0.000000,
                    -0.002050, 0.003809, 0.999991, 0.000000,
                     0.000004,25.574305, 0.000000, 1.000000;;
                  }
                  Frame Armature_mixamorig_RightHand {
                    FrameTransformMatrix {
                       0.939013,-0.206933, 0.274652, 0.000000,
                       0.132980, 0.955056, 0.264925, 0.000000,
                      -0.317130,-0.212245, 0.924327, 0.000000,
                       0.000004,21.603506, 0.000003, 1.000000;;
                    }
                    Frame Armature_mixamorig_RightHandIndex1 {
                      FrameTransformMatrix {
                         0.997183, 0.075001, 0.001330, 0.000000,
                        -0.074934, 0.996791,-0.028157, 0.000000,
                        -0.003437, 0.027978, 0.999603, 0.000000,
                         2.341901, 9.909602,-0.291395, 1.000000;;
                      }
                      Frame Armature_mixamorig_RightHandIndex2 {
                        FrameTransformMatrix {
                           0.999940,-0.006712,-0.008714, 0.000000,
                           0.008290, 0.980560, 0.196045, 0.000000,
                           0.007229,-0.196106, 0.980556, 0.000000,
                           0.000000, 3.776700, 0.000001, 1.000000;;
                        }
                        Frame Armature_mixamorig_RightHandIndex3 {
                          FrameTransformMatrix {
                             1.000000, 0.000000, 0.000000, 0.000000,
                            -0.000000, 1.000000,-0.000000, 0.000000,
                             0.000000, 0.000000, 1.000000, 0.000000,
                             0.000001, 2.542996, 0.000004, 1.000000;;
                          }
                          Frame Armature_mixamorig_RightHandIndex4 {
                            FrameTransformMatrix {
                               1.000000,-0.000000, 0.000000, 0.000000,
                               0.000000, 1.000000, 0.000000, 0.000000,
                              -0.000000, 0.000000, 1.000000, 0.000000,
                               0.000005, 2.529006,-0.000002, 1.000000;;
                            }
                          } // End of Armature_mixamorig_RightHandIndex4
                        } // End of Armature_mixamorig_RightHandIndex3
                      } // End of Armature_mixamorig_RightHandIndex2
                    } // End of Armature_mixamorig_RightHandIndex1
                    Frame Armature_mixamorig_RightHandMiddle1 {
                      FrameTransformMatrix {
                         0.997381, 0.072279,-0.002638, 0.000000,
                        -0.071169, 0.987264, 0.142287, 0.000000,
                         0.012888,-0.141727, 0.989822, 0.000000,
                         0.000001, 9.700600, 0.000002, 1.000000;;
                      }
                      Frame Armature_mixamorig_RightHandMiddle2 {
                        FrameTransformMatrix {
                           0.999969,-0.005843,-0.005287, 0.000000,
                           0.006654, 0.985540, 0.169310, 0.000000,
                           0.004221,-0.169340, 0.985549, 0.000000,
                          -0.000004, 4.014601, 0.000006, 1.000000;;
                        }
                        Frame Armature_mixamorig_RightHandMiddle3 {
                          FrameTransformMatrix {
                             1.000000,-0.000000,-0.000000, 0.000000,
                             0.000000, 1.000000,-0.000000, 0.000000,
                            -0.000000,-0.000000, 1.000000, 0.000000,
                            -0.000000, 2.996704,-0.000010, 1.000000;;
                          }
                          Frame Armature_mixamorig_RightHandMiddle4 {
                            FrameTransformMatrix {
                               1.000000, 0.000000,-0.000000, 0.000000,
                              -0.000000, 1.000000,-0.000000, 0.000000,
                               0.000000,-0.000000, 1.000000, 0.000000,
                              -0.000000, 2.824993,-0.000010, 1.000000;;
                            }
                          } // End of Armature_mixamorig_RightHandMiddle4
                        } // End of Armature_mixamorig_RightHandMiddle3
                      } // End of Armature_mixamorig_RightHandMiddle2
                    } // End of Armature_mixamorig_RightHandMiddle1
                    Frame Armature_mixamorig_RightHandPinky1 {
                      FrameTransformMatrix {
                         0.950115, 0.311238, 0.020306, 0.000000,
                        -0.298032, 0.886749, 0.353346, 0.000000,
                         0.091969,-0.341771, 0.935272, 0.000000,
                        -4.712800, 8.985300,-0.221701, 1.000000;;
                      }
                      Frame Armature_mixamorig_RightHandPinky2 {
                        FrameTransformMatrix {
                           0.997437,-0.070626,-0.011422, 0.000000,
                           0.071053, 0.959233, 0.273538, 0.000000,
                          -0.008363,-0.273649, 0.961793, 0.000000,
                           0.000000, 3.562500, 0.000001, 1.000000;;
                        }
                        Frame Armature_mixamorig_RightHandPinky3 {
                          FrameTransformMatrix {
                             1.000000,-0.000000,-0.000000, 0.000000,
                             0.000000, 1.000000, 0.000000, 0.000000,
                             0.000000,-0.000000, 1.000000, 0.000000,
                            -0.000005, 2.335203,-0.000006, 1.000000;;
                          }
                          Frame Armature_mixamorig_RightHandPinky4 {
                            FrameTransformMatrix {
                               1.000000, 0.000000,-0.000000, 0.000000,
                              -0.000000, 1.000000,-0.000000, 0.000000,
                               0.000000, 0.000000, 1.000000, 0.000000,
                              -0.000004, 2.037304, 0.000005, 1.000000;;
                            }
                          } // End of Armature_mixamorig_RightHandPinky4
                        } // End of Armature_mixamorig_RightHandPinky3
                      } // End of Armature_mixamorig_RightHandPinky2
                    } // End of Armature_mixamorig_RightHandPinky1
                    Frame Armature_mixamorig_RightHandRing1 {
                      FrameTransformMatrix {
                         0.995929, 0.090115, 0.002189, 0.000000,
                        -0.084725, 0.927518, 0.364050, 0.000000,
                         0.030776,-0.362753, 0.931377, 0.000000,
                        -2.241701, 9.308305,-0.143593, 1.000000;;
                      }
                      Frame Armature_mixamorig_RightHandRing2 {
                        FrameTransformMatrix {
                           0.999796,-0.020181,-0.000337, 0.000000,
                           0.020017, 0.989258, 0.144804, 0.000000,
                          -0.002589,-0.144782, 0.989460, 0.000000,
                           0.000001, 4.019396, 0.000006, 1.000000;;
                        }
                        Frame Armature_mixamorig_RightHandRing3 {
                          FrameTransformMatrix {
                             1.000000, 0.000000, 0.000000, 0.000000,
                            -0.000000, 1.000000, 0.000000, 0.000000,
                             0.000000,-0.000000, 1.000000, 0.000000,
                             0.000002, 2.790811, 0.000007, 1.000000;;
                          }
                          Frame Armature_mixamorig_RightHandRing4 {
                            FrameTransformMatrix {
                               1.000000, 0.000000, 0.000000, 0.000000,
                              -0.000000, 1.000000,-0.000000, 0.000000,
                               0.000000,-0.000000, 1.000000, 0.000000,
                              -0.000000, 2.540692, 0.000007, 1.000000;;
                            }
                          } // End of Armature_mixamorig_RightHandRing4
                        } // End of Armature_mixamorig_RightHandRing3
                      } // End of Armature_mixamorig_RightHandRing2
                    } // End of Armature_mixamorig_RightHandRing1
                    Frame Armature_mixamorig_RightHandThumb1 {
                      FrameTransformMatrix {
                         0.823327,-0.567117,-0.022607, 0.000000,
                         0.519494, 0.736950, 0.432471, 0.000000,
                        -0.228601,-0.367809, 0.901365, 0.000000,
                         2.370401, 3.545502, 1.908103, 1.000000;;
                      }
                      Frame Armature_mixamorig_RightHandThumb2 {
                        FrameTransformMatrix {
                           0.940678, 0.335285, 0.052055, 0.000000,
                          -0.336102, 0.941795, 0.007556, 0.000000,
                          -0.046491,-0.024604, 0.998616, 0.000000,
                           0.000002, 2.808395,-0.000005, 1.000000;;
                        }
                        Frame Armature_mixamorig_RightHandThumb3 {
                          FrameTransformMatrix {
                             1.000000, 0.000000,-0.000000, 0.000000,
                            -0.000000, 1.000000, 0.000002, 0.000000,
                             0.000000,-0.000002, 1.000000, 0.000000,
                             0.000001, 2.379002, 0.000003, 1.000000;;
                          }
                          Frame Armature_mixamorig_RightHandThumb4 {
                            FrameTransformMatrix {
                               1.000000, 0.000000, 0.000000, 0.000000,
                              -0.000000, 1.000000,-0.000000, 0.000000,
                              -0.000000, 0.000000, 1.000000, 0.000000,
                              -0.000000, 2.445004, 0.000002, 1.000000;;
                            }
                          } // End of Armature_mixamorig_RightHandThumb4
                        } // End of Armature_mixamorig_RightHandThumb3
                      } // End of Armature_mixamorig_RightHandThumb2
                    } // End of Armature_mixamorig_RightHandThumb1
                    Frame Armature_mixamorig_Sword_joint {
                      FrameTransformMatrix {
                         0.000000,-1.000000,-0.000000, 0.000000,
                        -0.000000, 0.000000,-1.000000, 0.000000,
                         1.000000, 0.000000,-0.000000, 0.000000,
                        -0.770200, 7.960001, 2.820797, 1.000000;;
                      }
                    } // End of Armature_mixamorig_Sword_joint
                  } // End of Armature_mixamorig_RightHand
                } // End of Armature_mixamorig_RightForeArm
              } // End of Armature_mixamorig_RightArm
            } // End of Armature_mixamorig_RightShoulder
          } // End of Armature_mixamorig_Spine2
        } // End of Armature_mixamorig_Spine1
      } // End of Armature_mixamorig_Spine
    } // End of Armature_mixamorig_Hips
  } // End of Armature
} // End of Root
AnimationSet Global {
  Animation {
    {Armature}
    AnimationKey { // Rotation
      0;
      15;
      0;4;-0.707107, 0.707107, 0.000000, 0.000000;;,
      1;4;-0.707107, 0.707107, 0.000000, 0.000000;;,
      2;4;-0.707107, 0.707107, 0.000000, 0.000000;;,
      3;4;-0.707107, 0.707107, 0.000000, 0.000000;;,
      4;4;-0.707107, 0.707107, 0.000000, 0.000000;;,
      5;4;-0.707107, 0.707107, 0.000000, 0.000000;;,
      6;4;-0.707107, 0.707107, 0.000000, 0.000000;;,
      7;4;-0.707107, 0.707107, 0.000000, 0.000000;;,
      8;4;-0.707107, 0.707107, 0.000000, 0.000000;;,
      9;4;-0.707107, 0.707107, 0.000000, 0.000000;;,
      10;4;-0.707107, 0.707107, 0.000000, 0.000000;;,
      11;4;-0.707107, 0.707107, 0.000000, 0.000000;;,
      12;4;-0.707107, 0.707107, 0.000000, 0.000000;;,
      13;4;-0.707107, 0.707107, 0.000000, 0.000000;;,
      14;4;-0.707107, 0.707107, 0.000000, 0.000000;;;
    }
    AnimationKey { // Scale
      1;
      15;
      0;3; 0.010000, 0.010000, 0.010000;;,
      1;3; 0.010000, 0.010000, 0.010000;;,
      2;3; 0.010000, 0.010000, 0.010000;;,
      3;3; 0.010000, 0.010000, 0.010000;;,
      4;3; 0.010000, 0.010000, 0.010000;;,
      5;3; 0.010000, 0.010000, 0.010000;;,
      6;3; 0.010000, 0.010000, 0.010000;;,
      7;3; 0.010000, 0.010000, 0.010000;;,
      8;3; 0.010000, 0.010000, 0.010000;;,
      9;3; 0.010000, 0.010000, 0.010000;;,
      10;3; 0.010000, 0.010000, 0.010000;;,
      11;3; 0.010000, 0.010000, 0.010000;;,
      12;3; 0.010000, 0.010000, 0.010000;;,
      13;3; 0.010000, 0.010000, 0.010000;;,
      14;3; 0.010000, 0.010000, 0.010000;;;
    }
    AnimationKey { // Position
      2;
      15;
      0;3; 0.000000, 0.000000, 0.000000;;,
      1;3; 0.000000, 0.000000, 0.000000;;,
      2;3; 0.000000, 0.000000, 0.000000;;,
      3;3; 0.000000, 0.000000, 0.000000;;,
      4;3; 0.000000, 0.000000, 0.000000;;,
      5;3; 0.000000, 0.000000, 0.000000;;,
      6;3; 0.000000, 0.000000, 0.000000;;,
      7;3; 0.000000, 0.000000, 0.000000;;,
      8;3; 0.000000, 0.000000, 0.000000;;,
      9;3; 0.000000, 0.000000, 0.000000;;,
      10;3; 0.000000, 0.000000, 0.000000;;,
      11;3; 0.000000, 0.000000, 0.000000;;,
      12;3; 0.000000, 0.000000, 0.000000;;,
      13;3; 0.000000, 0.000000, 0.000000;;,
      14;3; 0.000000, 0.000000, 0.000000;;;
    }
  }
  Animation {
    {Armature_mixamorig_Hips}
    AnimationKey { // Rotation
      0;
      15;
      0;4;-0.296123, 0.866709, 0.356915, 0.183682;;,
      1;4;-0.199649, 0.871808, 0.364202, 0.259707;;,
      2;4;-0.071786, 0.873699, 0.340606, 0.339829;;,
      3;4; 0.100493, 0.855004, 0.286333, 0.420575;;,
      4;4; 0.292108, 0.797924, 0.203418, 0.486427;;,
      5;4; 0.466298, 0.704514, 0.103191, 0.524955;;,
      6;4; 0.603732, 0.593533,-0.008030, 0.532129;;,
      7;4; 0.699985, 0.489155,-0.127569, 0.504454;;,
      8;4; 0.769108, 0.377614,-0.258941, 0.445904;;,
      9;4; 0.807288, 0.256294,-0.380973, 0.370755;;,
      10;4; 0.816223, 0.142290,-0.475780, 0.295240;;,
      11;4; 0.813545, 0.066134,-0.530572, 0.228613;;,
      12;4; 0.816838, 0.022312,-0.549397, 0.174473;;,
      13;4; 0.831841,-0.002399,-0.539019, 0.132267;;,
      14;4; 0.858062,-0.020623,-0.503238, 0.100273;;;
    }
    AnimationKey { // Scale
      1;
      15;
      0;3; 1.000000, 1.000000, 1.000000;;,
      1;3; 1.000000, 1.000000, 1.000000;;,
      2;3; 1.000000, 1.000000, 1.000000;;,
      3;3; 1.000000, 1.000000, 1.000000;;,
      4;3; 1.000000, 1.000000, 1.000000;;,
      5;3; 1.000000, 1.000000, 1.000000;;,
      6;3; 1.000000, 1.000000, 1.000000;;,
      7;3; 1.000000, 1.000000, 1.000000;;,
      8;3; 1.000000, 1.000000, 1.000000;;,
      9;3; 1.000000, 1.000000, 1.000000;;,
      10;3; 1.000000, 1.000000, 1.000000;;,
      11;3; 1.000000, 1.000000, 1.000000;;,
      12;3; 1.000000, 1.000000, 1.000000;;,
      13;3; 1.000000, 1.000000, 1.000000;;,
      14;3; 1.000000, 1.000000, 1.000000;;;
    }
    AnimationKey { // Position
      2;
      15;
      0;3; 2.608701,62.106030,59.995541;;,
      1;3; 0.744194,57.468750,68.196915;;,
      2;3;-0.852468,49.597443,73.594193;;,
      3;3;-2.483927,40.560589,76.574249;;,
      4;3;-4.175096,29.427422,77.861259;;,
      5;3;-5.849180,20.227348,77.173393;;,
      6;3;-8.008495,12.656380,73.267715;;,
      7;3;-10.045997,12.463287,67.282051;;,
      8;3;-11.865543,15.588409,58.993141;;,
      9;3;-12.706437,18.610840,50.819374;;,
      10;3;-12.661081,20.468018,43.668156;;,
      11;3;-12.890111,22.991859,38.572254;;,
      12;3;-13.451830,27.742226,34.324963;;,
      13;3;-13.770511,35.103912,30.201904;;,
      14;3;-13.274146,42.767071,25.506729;;;
    }
  }
  Animation {
    {Armature_mixamorig_Spine}
    AnimationKey { // Rotation
      0;
      15;
      0;4;-0.998802,-0.034900,-0.034009, 0.004494;;,
      1;4;-0.999422,-0.022879,-0.024709,-0.004674;;,
      2;4;-0.999820,-0.008893,-0.014268,-0.008844;;,
      3;4;-0.999914, 0.007650,-0.008215,-0.006737;;,
      4;4;-0.999676, 0.023055,-0.010719,-0.001475;;,
      5;4;-0.999349, 0.028163,-0.021703, 0.006147;;,
      6;4;-0.999082, 0.023591,-0.031312, 0.017276;;,
      7;4;-0.998967, 0.017119,-0.030620, 0.028886;;,
      8;4;-0.999067, 0.011850,-0.029203, 0.029512;;,
      9;4;-0.999150, 0.010083,-0.029772, 0.026674;;,
      10;4;-0.999082, 0.010667,-0.031043, 0.027514;;,
      11;4;-0.998952, 0.012504,-0.033191, 0.028936;;,
      12;4;-0.998717, 0.015364,-0.036799, 0.031216;;,
      13;4;-0.998350, 0.018592,-0.040354, 0.036374;;,
      14;4;-0.997932, 0.021515,-0.042736, 0.042915;;;
    }
    AnimationKey { // Scale
      1;
      15;
      0;3; 1.000000, 1.000000, 1.000000;;,
      1;3; 1.000000, 1.000000, 1.000000;;,
      2;3; 1.000000, 1.000000, 1.000000;;,
      3;3; 1.000000, 1.000000, 1.000000;;,
      4;3; 1.000000, 1.000000, 1.000000;;,
      5;3; 1.000000, 1.000000, 1.000000;;,
      6;3; 1.000000, 1.000000, 1.000000;;,
      7;3; 1.000000, 1.000000, 1.000000;;,
      8;3; 1.000000, 1.000000, 1.000000;;,
      9;3; 1.000000, 1.000000, 1.000000;;,
      10;3; 1.000000, 1.000000, 1.000000;;,
      11;3; 1.000000, 1.000000, 1.000000;;,
      12;3; 1.000000, 1.000000, 1.000000;;,
      13;3; 1.000000, 1.000000, 1.000000;;,
      14;3; 1.000000, 1.000000, 1.000000;;;
    }
    AnimationKey { // Position
      2;
      15;
      0;3; 0.017301,10.574793,-1.117194;;,
      1;3; 0.017301,10.574798,-1.117189;;,
      2;3; 0.017299,10.574801,-1.117200;;,
      3;3; 0.017307,10.574798,-1.117195;;,
      4;3; 0.017295,10.574800,-1.117198;;,
      5;3; 0.017306,10.574795,-1.117202;;,
      6;3; 0.017297,10.574799,-1.117200;;,
      7;3; 0.017301,10.574796,-1.117199;;,
      8;3; 0.017300,10.574795,-1.117199;;,
      9;3; 0.017298,10.574799,-1.117198;;,
      10;3; 0.017302,10.574802,-1.117198;;,
      11;3; 0.017301,10.574803,-1.117201;;,
      12;3; 0.017297,10.574799,-1.117202;;,
      13;3; 0.017299,10.574800,-1.117199;;,
      14;3; 0.017300,10.574796,-1.117201;;;
    }
  }
  Animation {
    {Armature_mixamorig_Spine1}
    AnimationKey { // Rotation
      0;
      15;
      0;4;-0.995794, 0.034857,-0.084386,-0.007627;;,
      1;4;-0.995822, 0.059235,-0.065784,-0.022393;;,
      2;4;-0.994782, 0.087351,-0.044604,-0.028082;;,
      3;4;-0.992164, 0.120288,-0.027649,-0.019438;;,
      4;4;-0.988316, 0.150797,-0.022034,-0.002553;;,
      5;4;-0.986200, 0.161069,-0.033626, 0.018321;;,
      6;4;-0.986088, 0.152406,-0.048397, 0.045386;;,
      7;4;-0.986490, 0.139586,-0.051869, 0.068280;;,
      8;4;-0.987818, 0.129079,-0.051530, 0.069997;;,
      9;4;-0.988507, 0.125518,-0.054459, 0.064285;;,
      10;4;-0.988291, 0.126535,-0.058564, 0.061967;;,
      11;4;-0.987500, 0.130097,-0.063480, 0.062359;;,
      12;4;-0.985994, 0.135892,-0.068556, 0.068187;;,
      13;4;-0.984094, 0.142346,-0.073305, 0.076959;;,
      14;4;-0.982127, 0.148117,-0.076672, 0.087236;;;
    }
    AnimationKey { // Scale
      1;
      15;
      0;3; 1.000000, 1.000000, 1.000000;;,
      1;3; 1.000000, 1.000000, 1.000000;;,
      2;3; 1.000000, 1.000000, 1.000000;;,
      3;3; 1.000000, 1.000000, 1.000000;;,
      4;3; 1.000000, 1.000000, 1.000000;;,
      5;3; 1.000000, 1.000000, 1.000000;;,
      6;3; 1.000000, 1.000000, 1.000000;;,
      7;3; 1.000000, 1.000000, 1.000000;;,
      8;3; 1.000000, 1.000000, 1.000000;;,
      9;3; 1.000000, 1.000000, 1.000000;;,
      10;3; 1.000000, 1.000000, 1.000000;;,
      11;3; 1.000000, 1.000000, 1.000000;;,
      12;3; 1.000000, 1.000000, 1.000000;;,
      13;3; 1.000000, 1.000000, 1.000000;;,
      14;3; 1.000000, 1.000000, 1.000000;;;
    }
