xof 0303txt 0032

template XSkinMeshHeader {
  <3cf169ce-ff7c-44ab-93c0-f78f62d172e2>
  WORD nMaxSkinWeightsPerVertex;
  WORD nMaxSkinWeightsPerFace;
  WORD nBones;
}

template SkinWeights {
  <6f0d123b-bad2-4167-a0d0-80224f25fabb>
  STRING transformNodeName;
  DWORD nWeights;
  array DWORD vertexIndices[nWeights];
  array float weights[nWeights];
  Matrix4x4 matrixOffset;
}

Frame Root {
  FrameTransformMatrix {
     1.000000, 0.000000, 0.000000, 0.000000,
     0.000000,-0.000000,-1.000000, 0.000000,
     0.000000, 1.000000,-0.000000, 0.000000,
     0.000000, 0.000000, 0.000000, 1.000000;;
  }
  Frame Armature {
    FrameTransformMatrix {
       0.010000, 0.000000, 0.000000, 0.000000,
       0.000000,-0.000000, 0.010000, 0.000000,
       0.000000,-0.010000,-0.000000, 0.000000,
       0.000000, 0.000000, 0.000000, 1.000000;;
    }
    Frame Armature_mixamorig_Hips {
      FrameTransformMatrix {
         0.392166,-0.008245, 0.919858, 0.000000,
        -0.144831, 0.986935, 0.070593, 0.000000,
        -0.908422,-0.160908, 0.385848, 0.000000,
         0.107329,78.191833, 4.853596, 1.000000;;
      }
      Frame Armature_mixamorig_LeftUpLeg {
        FrameTransformMatrix {
          -0.636361,-0.044139, 0.770081, 0.000000,
           0.692633,-0.472171, 0.545234, 0.000000,
           0.339564, 0.880401, 0.331022, 0.000000,
           9.789098,-5.875904,-0.583700, 1.000000;;
        }
        Frame Armature_mixamorig_LeftLeg {
          FrameTransformMatrix {
             0.987102,-0.062600,-0.147345, 0.000000,
            -0.111675, 0.390217,-0.913925, 0.000000,
             0.114709, 0.918592, 0.378193, 0.000000,
             0.000001,41.702003, 0.000001, 1.000000;;
          }
          Frame Armature_mixamorig_LeftFoot {
            FrameTransformMatrix {
               0.958455,-0.280869,-0.049762, 0.000000,
               0.232589, 0.668553, 0.706357, 0.000000,
              -0.165125,-0.688585, 0.706105, 0.000000,
               0.000000,36.981018, 0.000001, 1.000000;;
            }
            Frame Armature_mixamorig_LeftToeBase {
              FrameTransformMatrix {
                 0.992410, 0.039663,-0.116397, 0.000000,
                 0.082895, 0.483369, 0.871483, 0.000000,
                 0.090829,-0.874518, 0.476412, 0.000000,
                 0.000001,16.700537,-0.000005, 1.000000;;
              }
              Frame Armature_mixamorig_LeftToe_End {
                FrameTransformMatrix {
                   1.000000,-0.000000,-0.000000, 0.000000,
                   0.000000, 1.000000, 0.000000, 0.000000,
                   0.000000,-0.000000, 1.000000, 0.000000,
                   0.000001, 7.120430,-0.000000, 1.000000;;
                }
              } // End of Armature_mixamorig_LeftToe_End
            } // End of Armature_mixamorig_LeftToeBase
          } // End of Armature_mixamorig_LeftFoot
        } // End of Armature_mixamorig_LeftLeg
      } // End of Armature_mixamorig_LeftUpLeg
      Frame Armature_mixamorig_RightUpLeg {
        FrameTransformMatrix {
          -0.742241, 0.380167,-0.551829, 0.000000,
          -0.621719,-0.697980, 0.355352, 0.000000,
          -0.250088, 0.606874, 0.754380, 0.000000,
          -9.857701,-5.875909,-0.583700, 1.000000;;
        }
        Frame Armature_mixamorig_RightLeg {
          FrameTransformMatrix {
             0.984912, 0.043710, 0.167445, 0.000000,
             0.088176, 0.705805,-0.702897, 0.000000,
            -0.148907, 0.707056, 0.691302, 0.000000,
             0.000003,41.702000,-0.000001, 1.000000;;
          }
          Frame Armature_mixamorig_RightFoot {
            FrameTransformMatrix {
               0.839457, 0.525516, 0.138362, 0.000000,
              -0.344711, 0.318115, 0.883163, 0.000000,
               0.420102,-0.789073, 0.448195, 0.000000,
              -0.000000,36.981022,-0.000001, 1.000000;;
            }
            Frame Armature_mixamorig_RightToeBase {
              FrameTransformMatrix {
                 0.998447,-0.026980, 0.048744, 0.000000,
                -0.013531, 0.731296, 0.681926, 0.000000,
                -0.054044,-0.681527, 0.729795, 0.000000,
                -0.000003,16.700539,-0.000001, 1.000000;;
              }
              Frame Armature_mixamorig_RightToe_End {
                FrameTransformMatrix {
                   1.000000, 0.000000, 0.000000, 0.000000,
                  -0.000000, 1.000000, 0.000000, 0.000000,
                  -0.000000,-0.000000, 1.000000, 0.000000,
                   0.000003, 7.120430, 0.000000, 1.000000;;
                }
              } // End of Armature_mixamorig_RightToe_End
            } // End of Armature_mixamorig_RightToeBase
          } // End of Armature_mixamorig_RightFoot
        } // End of Armature_mixamorig_RightLeg
      } // End of Armature_mixamorig_RightUpLeg
      Frame Armature_mixamorig_Spine {
        FrameTransformMatrix {
           0.972229,-0.012040,-0.233720, 0.000000,
           0.019384, 0.999387, 0.029149, 0.000000,
           0.233226,-0.032870, 0.971867, 0.000000,
           0.017299,10.574797,-1.117201, 1.000000;;
        }
        Frame Armature_mixamorig_Spine1 {
          FrameTransformMatrix {
             0.998424, 0.024637,-0.050418, 0.000000,
            -0.021984, 0.998378, 0.052511, 0.000000,
             0.051630,-0.051320, 0.997347, 0.000000,
            -0.000001,12.405985,-0.000002, 1.000000;;
          }
          Frame Armature_mixamorig_Spine2 {
            FrameTransformMatrix {
               0.998852, 0.046965, 0.009387, 0.000000,
              -0.047725, 0.992465, 0.112850, 0.000000,
              -0.004017,-0.113168, 0.993568, 0.000000,
               0.000001,14.178310,-0.000001, 1.000000;;
            }
            Frame Armature_mixamorig_LeftShoulder {
              FrameTransformMatrix {
                 0.060355,-0.026500,-0.997825, 0.000000,
                 0.989373,-0.130886, 0.063320, 0.000000,
                -0.132279,-0.991043, 0.018319, 0.000000,
                 5.934998,13.670196,-1.662602, 1.000000;;
              }
              Frame Armature_mixamorig_LeftArm {
                FrameTransformMatrix {
                   0.899962, 0.302995,-0.313469, 0.000000,
                  -0.034431, 0.766169, 0.641716, 0.000000,
                   0.434607,-0.566727, 0.699955, 0.000000,
                   0.000001,12.607897, 0.000002, 1.000000;;
                }
                Frame Armature_mixamorig_LeftForeArm {
                  FrameTransformMatrix {
                    -0.423078, 0.532884, 0.732829, 0.000000,
                    -0.905684,-0.272992,-0.324362, 0.000000,
                     0.027209,-0.800943, 0.598122, 0.000000,
                    -0.000007,25.574314,-0.000008, 1.000000;;
                  }
                  Frame Armature_mixamorig_LeftHand {
                    FrameTransformMatrix {
                       0.979460,-0.196053,-0.047133, 0.000000,
                       0.201633, 0.954111, 0.221398, 0.000000,
                       0.001565,-0.226354, 0.974044, 0.000000,
                      -0.000023,21.603405,-0.000004, 1.000000;;
                    }
                    Frame Armature_mixamorig_LeftHandIndex1 {
                      FrameTransformMatrix {
                         0.988690, 0.136287, 0.062599, 0.000000,
                        -0.083122, 0.150530, 0.985105, 0.000000,
                         0.124834,-0.979166, 0.160156, 0.000000,
                        -2.341900, 9.909711,-0.291398, 1.000000;;
                      }
                      Frame Armature_mixamorig_LeftHandIndex2 {
                        FrameTransformMatrix {
                           0.997046, 0.076805, 0.000117, 0.000000,
                          -0.029551, 0.382205, 0.923605, 0.000000,
                           0.070893,-0.920880, 0.383346, 0.000000,
                           0.000004, 3.776699,-0.000000, 1.000000;;
                        }
                        Frame Armature_mixamorig_LeftHandIndex3 {
                          FrameTransformMatrix {
                             0.999422,-0.011471,-0.031988, 0.000000,
                             0.033980, 0.349037, 0.936493, 0.000000,
                             0.000422,-0.937039, 0.349225, 0.000000,
                            -0.000003, 2.542997,-0.000002, 1.000000;;
                          }
                          Frame Armature_mixamorig_LeftHandIndex4 {
                            FrameTransformMatrix {
                               1.000000, 0.000000,-0.000000, 0.000000,
                               0.000000, 1.000000,-0.000000, 0.000000,
                               0.000000, 0.000000, 1.000000, 0.000000,
                              -0.000017, 2.529100, 0.000006, 1.000000;;
                            }
                          } // End of Armature_mixamorig_LeftHandIndex4
                        } // End of Armature_mixamorig_LeftHandIndex3
                      } // End of Armature_mixamorig_LeftHandIndex2
                    } // End of Armature_mixamorig_LeftHandIndex1
                    Frame Armature_mixamorig_LeftHandMiddle1 {
                      FrameTransformMatrix {
                         0.994525,-0.041947, 0.095711, 0.000000,
                        -0.093193, 0.058355, 0.993936, 0.000000,
                        -0.047278,-0.997414, 0.054127, 0.000000,
                         0.000006, 9.700809, 0.000001, 1.000000;;
                      }
                      Frame Armature_mixamorig_LeftHandMiddle2 {
                        FrameTransformMatrix {
                           0.996322, 0.085675, 0.001387, 0.000000,
                          -0.021200, 0.230785, 0.972774, 0.000000,
                           0.083022,-0.969226, 0.231752, 0.000000,
                          -0.000004, 4.014609, 0.000000, 1.000000;;
                        }
                        Frame Armature_mixamorig_LeftHandMiddle3 {
                          FrameTransformMatrix {
                             0.999618,-0.008999,-0.026146, 0.000000,
                             0.027591, 0.386756, 0.921769, 0.000000,
                             0.001817,-0.922138, 0.386857, 0.000000,
                            -0.000009, 2.996705, 0.000002, 1.000000;;
                          }
                          Frame Armature_mixamorig_LeftHandMiddle4 {
                            FrameTransformMatrix {
                               1.000000, 0.000000, 0.000000, 0.000000,
                              -0.000000, 1.000000, 0.000000, 0.000000,
                               0.000000,-0.000000, 1.000000, 0.000000,
                              -0.000014, 2.824991, 0.000000, 1.000000;;
                            }
                          } // End of Armature_mixamorig_LeftHandMiddle4
                        } // End of Armature_mixamorig_LeftHandMiddle3
                      } // End of Armature_mixamorig_LeftHandMiddle2
                    } // End of Armature_mixamorig_LeftHandMiddle1
                    Frame Armature_mixamorig_LeftHandPinky1 {
                      FrameTransformMatrix {
                         0.977750,-0.143442, 0.153063, 0.000000,
                        -0.143738, 0.073319, 0.986896, 0.000000,
                        -0.152784,-0.986939, 0.051070, 0.000000,
                         4.712702, 8.985507,-0.221602, 1.000000;;
                      }
                      Frame Armature_mixamorig_LeftHandPinky2 {
                        FrameTransformMatrix {
                           0.999998, 0.001447, 0.000972, 0.000000,
                          -0.001331, 0.273864, 0.961767, 0.000000,
                           0.001126,-0.961767, 0.273866, 0.000000,
                           0.000004, 3.562504, 0.000004, 1.000000;;
                        }
                        Frame Armature_mixamorig_LeftHandPinky3 {
                          FrameTransformMatrix {
                             0.999999, 0.001077, 0.000440, 0.000000,
                            -0.001043, 0.661960, 0.749539, 0.000000,
                             0.000516,-0.749539, 0.661960, 0.000000,
                             0.000003, 2.335203, 0.000000, 1.000000;;
                          }
                          Frame Armature_mixamorig_LeftHandPinky4 {
                            FrameTransformMatrix {
                               1.000000,-0.000000,-0.000000, 0.000000,
                               0.000000, 1.000000, 0.000000, 0.000000,
                              -0.000000, 0.000000, 1.000000, 0.000000,
                               0.000001, 2.037286, 0.000002, 1.000000;;
                            }
                          } // End of Armature_mixamorig_LeftHandPinky4
                        } // End of Armature_mixamorig_LeftHandPinky3
                      } // End of Armature_mixamorig_LeftHandPinky2
                    } // End of Armature_mixamorig_LeftHandPinky1
                    Frame Armature_mixamorig_LeftHandRing1 {
                      FrameTransformMatrix {
                         0.994609,-0.067990, 0.078295, 0.000000,
                        -0.078962,-0.007167, 0.996852, 0.000000,
                        -0.067215,-0.997660,-0.012497, 0.000000,
                         2.241700, 9.308405,-0.143495, 1.000000;;
                      }
                      Frame Armature_mixamorig_LeftHandRing2 {
                        FrameTransformMatrix {
                           0.999740, 0.012059, 0.019342, 0.000000,
                          -0.022730, 0.464642, 0.885207, 0.000000,
                           0.001688,-0.885416, 0.464796, 0.000000,
                          -0.000003, 4.019386, 0.000001, 1.000000;;
                        }
                        Frame Armature_mixamorig_LeftHandRing3 {
                          FrameTransformMatrix {
                             0.999789,-0.020446, 0.002032, 0.000000,
                             0.004207, 0.300525, 0.953765, 0.000000,
                            -0.020112,-0.953555, 0.300548, 0.000000,
                            -0.000009, 2.790810,-0.000003, 1.000000;;
                          }
                          Frame Armature_mixamorig_LeftHandRing4 {
                            FrameTransformMatrix {
                               1.000000, 0.000000,-0.000000, 0.000000,
                              -0.000000, 1.000000, 0.000000, 0.000000,
                              -0.000000, 0.000000, 1.000000, 0.000000,
                              -0.000002, 2.540695, 0.000004, 1.000000;;
                            }
                          } // End of Armature_mixamorig_LeftHandRing4
                        } // End of Armature_mixamorig_LeftHandRing3
                      } // End of Armature_mixamorig_LeftHandRing2
                    } // End of Armature_mixamorig_LeftHandRing1
                    Frame Armature_mixamorig_LeftHandThumb1 {
                      FrameTransformMatrix {
                         0.857894, 0.512731, 0.033535, 0.000000,
                        -0.403426, 0.631711, 0.661958, 0.000000,
                         0.318223,-0.581418, 0.748790, 0.000000,
                        -2.370401, 3.545605, 1.908195, 1.000000;;
                      }
                      Frame Armature_mixamorig_LeftHandThumb2 {
                        FrameTransformMatrix {
                           0.922590,-0.322804,-0.211246, 0.000000,
                           0.321792, 0.945960,-0.040132, 0.000000,
                           0.212785,-0.030952, 0.976609, 0.000000,
                          -0.000000, 2.808394,-0.000007, 1.000000;;
                        }
                        Frame Armature_mixamorig_LeftHandThumb3 {
                          FrameTransformMatrix {
                             0.590039, 0.029308,-0.806842, 0.000000,
                             0.439597, 0.826561, 0.351499, 0.000000,
                             0.677206,-0.562083, 0.474820, 0.000000,
                             0.000006, 2.378999,-0.000003, 1.000000;;
                          }
                          Frame Armature_mixamorig_LeftHandThumb4 {
                            FrameTransformMatrix {
                               1.000000,-0.000000, 0.000000, 0.000000,
                               0.000000, 1.000000, 0.000000, 0.000000,
                              -0.000000,-0.000000, 1.000000, 0.000000,
                              -0.000003, 2.445001, 0.000015, 1.000000;;
                            }
                          } // End of Armature_mixamorig_LeftHandThumb4
                        } // End of Armature_mixamorig_LeftHandThumb3
                      } // End of Armature_mixamorig_LeftHandThumb2
                    } // End of Armature_mixamorig_LeftHandThumb1
                  } // End of Armature_mixamorig_LeftHand
                  Frame Armature_mixamorig_Shield_joint {
                    FrameTransformMatrix {
                       0.000000, 1.000000,-0.000000, 0.000000,
                       0.000000,-0.000000,-1.000000, 0.000000,
                      -1.000000, 0.000000,-0.000000, 0.000000,
                       0.398180,14.663404,-5.648608, 1.000000;;
                    }
                  } // End of Armature_mixamorig_Shield_joint
                } // End of Armature_mixamorig_LeftForeArm
              } // End of Armature_mixamorig_LeftArm
            } // End of Armature_mixamorig_LeftShoulder
            Frame Armature_mixamorig_Neck {
              FrameTransformMatrix {
                 0.965702, 0.044588,-0.255798, 0.000000,
                -0.060083, 0.996781,-0.053078, 0.000000,
                 0.252607, 0.066627, 0.965272, 0.000000,
                 0.024397,15.862282,-1.675799, 1.000000;;
              }
              Frame Armature_mixamorig_Head {
                FrameTransformMatrix {
                   0.862027,-0.261301,-0.434317, 0.000000,
                   0.213395, 0.964328,-0.156632, 0.000000,
                   0.459753, 0.042340, 0.887037, 0.000000,
                  -0.000001, 5.564004, 0.988103, 1.000000;;
                }
                Frame Armature_mixamorig_HeadTop_End {
                  FrameTransformMatrix {
                     1.000000, 0.000000,-0.000000, 0.000000,
                    -0.000000, 1.000000,-0.000000, 0.000000,
                    -0.000000, 0.000000, 1.000000, 0.000000,
                    -0.000001,18.311880, 3.086900, 1.000000;;
                  }
                } // End of Armature_mixamorig_HeadTop_End
                Frame Armature_mixamorig_LeftEye {
                  FrameTransformMatrix {
                    -0.000000, 0.000000,-1.000000, 0.000000,
                     1.000000,-0.000000,-0.000000, 0.000000,
                    -0.000000,-1.000000,-0.000000, 0.000000,
                     2.284400, 7.935697, 7.063702, 1.000000;;
                  }
                } // End of Armature_mixamorig_LeftEye
                Frame Armature_mixamorig_RightEye {
                  FrameTransformMatrix {
                     0.000000,-0.000000, 1.000000, 0.000000,
                    -1.000000, 0.000000,-0.000000, 0.000000,
                    -0.000000,-1.000000,-0.000000, 0.000000,
                    -2.377500, 7.935705, 7.063701, 1.000000;;
                  }
                } // End of Armature_mixamorig_RightEye
              } // End of Armature_mixamorig_Head
            } // End of Armature_mixamorig_Neck
            Frame Armature_mixamorig_RightShoulder {
              FrameTransformMatrix {
                -0.140648, 0.117246, 0.983093, 0.000000,
                -0.979634,-0.160203,-0.121046, 0.000000,
                 0.143302,-0.980096, 0.137391, 0.000000,
                -5.979204,13.670194,-1.662601, 1.000000;;
              }
              Frame Armature_mixamorig_RightArm {
                FrameTransformMatrix {
                   0.966853,-0.206942, 0.149570, 0.000000,
                   0.100287, 0.846478, 0.522894, 0.000000,
                  -0.234816,-0.490561, 0.839173, 0.000000,
                  -0.000003,12.607899,-0.000004, 1.000000;;
                }
                Frame Armature_mixamorig_RightForeArm {
                  FrameTransformMatrix {
                     0.387521,-0.912795,-0.128969, 0.000000,
                     0.921056, 0.377531, 0.095530, 0.000000,
                    -0.038509,-0.155808, 0.987036, 0.000000,
                    -0.000002,25.574293,-0.000002, 1.000000;;
                  }
                  Frame Armature_mixamorig_RightHand {
                    FrameTransformMatrix {
                       0.946791,-0.321813,-0.004766, 0.000000,
                       0.321438, 0.944732, 0.064487, 0.000000,
                      -0.016250,-0.062588, 0.997907, 0.000000,
                       0.000004,21.603500,-0.000002, 1.000000;;
                    }
                    Frame Armature_mixamorig_RightHandIndex1 {
                      FrameTransformMatrix {
                         0.998609, 0.052708,-0.001340, 0.000000,
                        -0.024033, 0.477651, 0.878221, 0.000000,
                         0.046929,-0.876967, 0.478253, 0.000000,
                         2.341901, 9.909597,-0.291401, 1.000000;;
                      }
                      Frame Armature_mixamorig_RightHandIndex2 {
                        FrameTransformMatrix {
                           0.997041,-0.076868,-0.000041, 0.000000,
                           0.030554, 0.395833, 0.917814, 0.000000,
                          -0.070534,-0.915100, 0.397011, 0.000000,
                          -0.000002, 3.776694,-0.000003, 1.000000;;
                        }
                        Frame Armature_mixamorig_RightHandIndex3 {
                          FrameTransformMatrix {
                             0.999417, 0.007271, 0.033364, 0.000000,
                            -0.032428, 0.508176, 0.860643, 0.000000,
                            -0.010697,-0.861223, 0.508115, 0.000000,
                            -0.000000, 2.542997, 0.000004, 1.000000;;
                          }
                          Frame Armature_mixamorig_RightHandIndex4 {
                            FrameTransformMatrix {
                               1.000000, 0.000000,-0.000000, 0.000000,
                               0.000000, 1.000000,-0.000000, 0.000000,
                              -0.000000, 0.000000, 1.000000, 0.000000,
                              -0.000002, 2.529005,-0.000009, 1.000000;;
                            }
                          } // End of Armature_mixamorig_RightHandIndex4
                        } // End of Armature_mixamorig_RightHandIndex3
                      } // End of Armature_mixamorig_RightHandIndex2
                    } // End of Armature_mixamorig_RightHandIndex1
                    Frame Armature_mixamorig_RightHandMiddle1 {
                      FrameTransformMatrix {
                         0.999770, 0.001843,-0.021370, 0.000000,
                         0.019170, 0.370169, 0.928767, 0.000000,
                         0.009622,-0.928962, 0.370049, 0.000000,
                         0.000003, 9.700598,-0.000002, 1.000000;;
                      }
                      Frame Armature_mixamorig_RightHandMiddle2 {
                        FrameTransformMatrix {
                           0.996323,-0.085656,-0.001598, 0.000000,
                           0.009804, 0.095465, 0.995385, 0.000000,
                          -0.085108,-0.991741, 0.095954, 0.000000,
                          -0.000003, 4.014596, 0.000001, 1.000000;;
                        }
                        Frame Armature_mixamorig_RightHandMiddle3 {
                          FrameTransformMatrix {
                             0.999604, 0.023134, 0.016009, 0.000000,
                            -0.028116, 0.841295, 0.539845, 0.000000,
                            -0.000979,-0.540082, 0.841612, 0.000000,
                             0.000002, 2.996705,-0.000007, 1.000000;;
                          }
                          Frame Armature_mixamorig_RightHandMiddle4 {
                            FrameTransformMatrix {
                               1.000000, 0.000000, 0.000000, 0.000000,
                               0.000000, 1.000000,-0.000000, 0.000000,
                               0.000000,-0.000000, 1.000000, 0.000000,
                              -0.000003, 2.824994, 0.000002, 1.000000;;
                            }
                          } // End of Armature_mixamorig_RightHandMiddle4
                        } // End of Armature_mixamorig_RightHandMiddle3
                      } // End of Armature_mixamorig_RightHandMiddle2
                    } // End of Armature_mixamorig_RightHandMiddle1
                    Frame Armature_mixamorig_RightHandPinky1 {
                      FrameTransformMatrix {
                         0.997591,-0.002012,-0.069347, 0.000000,
                         0.069350, 0.056371, 0.995999, 0.000000,
                         0.001905,-0.998408, 0.056375, 0.000000,
                        -4.712797, 8.985297,-0.221704, 1.000000;;
                      }
                      Frame Armature_mixamorig_RightHandPinky2 {
                        FrameTransformMatrix {
                           0.999999,-0.001131,-0.000583, 0.000000,
                           0.001132, 0.581894, 0.813264, 0.000000,
                          -0.000581,-0.813264, 0.581895, 0.000000,
                          -0.000007, 3.562493,-0.000000, 1.000000;;
                        }
                        Frame Armature_mixamorig_RightHandPinky3 {
                          FrameTransformMatrix {
                             1.000000,-0.000606,-0.000139, 0.000000,
                             0.000606, 0.900092, 0.435700, 0.000000,
                            -0.000139,-0.435699, 0.900092, 0.000000,
                             0.000001, 2.335206, 0.000007, 1.000000;;
                          }
                          Frame Armature_mixamorig_RightHandPinky4 {
                            FrameTransformMatrix {
                               1.000000, 0.000000,-0.000000, 0.000000,
                              -0.000000, 1.000000,-0.000000, 0.000000,
                               0.000000, 0.000000, 1.000000, 0.000000,
                               0.000001, 2.037294, 0.000010, 1.000000;;
                            }
                          } // End of Armature_mixamorig_RightHandPinky4
                        } // End of Armature_mixamorig_RightHandPinky3
                      } // End of Armature_mixamorig_RightHandPinky2
                    } // End of Armature_mixamorig_RightHandPinky1
                    Frame Armature_mixamorig_RightHandRing1 {
                      FrameTransformMatrix {
                         0.996667, 0.080154, 0.015177, 0.000000,
                        -0.029983, 0.186897, 0.981922, 0.000000,
                         0.075868,-0.979104, 0.188677, 0.000000,
                        -2.241704, 9.308303,-0.143595, 1.000000;;
                      }
                      Frame Armature_mixamorig_RightHandRing2 {
                        FrameTransformMatrix {
                           0.999712,-0.020237,-0.012909, 0.000000,
                           0.018194, 0.288062, 0.957439, 0.000000,
                          -0.015657,-0.957398, 0.288348, 0.000000,
                           0.000001, 4.019384, 0.000002, 1.000000;;
                        }
                        Frame Armature_mixamorig_RightHandRing3 {
                          FrameTransformMatrix {
                             0.999786, 0.020671,-0.001269, 0.000000,
                            -0.015230, 0.775391, 0.631298, 0.000000,
                             0.014033,-0.631144, 0.775539, 0.000000,
                            -0.000008, 2.790811, 0.000004, 1.000000;;
                          }
                          Frame Armature_mixamorig_RightHandRing4 {
                            FrameTransformMatrix {
                               1.000000, 0.000000, 0.000000, 0.000000,
                               0.000000, 1.000000,-0.000000, 0.000000,
                               0.000000, 0.000000, 1.000000, 0.000000,
                               0.000007, 2.540701, 0.000003, 1.000000;;
                            }
                          } // End of Armature_mixamorig_RightHandRing4
                        } // End of Armature_mixamorig_RightHandRing3
                      } // End of Armature_mixamorig_RightHandRing2
                    } // End of Armature_mixamorig_RightHandRing1
                    Frame Armature_mixamorig_RightHandThumb1 {
                      FrameTransformMatrix {
                         0.976732,-0.103456, 0.187858, 0.000000,
                        -0.095406, 0.574892, 0.812648, 0.000000,
                        -0.192072,-0.811662, 0.551645, 0.000000,
                         2.370404, 3.545501, 1.908098, 1.000000;;
                      }
                      Frame Armature_mixamorig_RightHandThumb2 {
                        FrameTransformMatrix {
                           0.951148, 0.004170, 0.308706, 0.000000,
                           0.056213, 0.980855,-0.186448, 0.000000,
                          -0.303574, 0.194693, 0.932704, 0.000000,
                           0.000002, 2.808399, 0.000010, 1.000000;;
                        }
                        Frame Armature_mixamorig_RightHandThumb3 {
                          FrameTransformMatrix {
                             0.927105, 0.226645,-0.298511, 0.000000,
                            -0.296312, 0.930931,-0.213463, 0.000000,
                             0.229512, 0.286355, 0.930228, 0.000000,
                            -0.000003, 2.379001,-0.000004, 1.000000;;
                          }
                          Frame Armature_mixamorig_RightHandThumb4 {
                            FrameTransformMatrix {
                               1.000000,-0.000000, 0.000000, 0.000000,
                               0.000000, 1.000000,-0.000000, 0.000000,
                               0.000000, 0.000000, 1.000000, 0.000000,
                              -0.000006, 2.445000, 0.000003, 1.000000;;
                            }
                          } // End of Armature_mixamorig_RightHandThumb4
                        } // End of Armature_mixamorig_RightHandThumb3
                      } // End of Armature_mixamorig_RightHandThumb2
                    } // End of Armature_mixamorig_RightHandThumb1
                    Frame Armature_mixamorig_Sword_joint {
                      FrameTransformMatrix {
                        -0.000000,-1.000000,-0.000000, 0.000000,
                        -0.000000, 0.000000,-1.000000, 0.000000,
                         1.000000, 0.000000,-0.000000, 0.000000,
                        -0.770202, 7.959997, 2.820798, 1.000000;;
                      }
                    } // End of Armature_mixamorig_Sword_joint
                  } // End of Armature_mixamorig_RightHand
                } // End of Armature_mixamorig_RightForeArm
              } // End of Armature_mixamorig_RightArm
            } // End of Armature_mixamorig_RightShoulder
          } // End of Armature_mixamorig_Spine2
        } // End of Armature_mixamorig_Spine1
      } // End of Armature_mixamorig_Spine
    } // End of Armature_mixamorig_Hips
  } // End of Armature
} // End of Root
AnimationSet Global {
  Animation {
    {Armature}
    AnimationKey { // Rotation
      0;
      18;
      0;4;-0.707107, 0.707107, 0.000000, 0.000000;;,
      1;4;-0.707107, 0.707107, 0.000000, 0.000000;;,
      2;4;-0.707107, 0.707107, 0.000000, 0.000000;;,
      3;4;-0.707107, 0.707107, 0.000000, 0.000000;;,
      4;4;-0.707107, 0.707107, 0.000000, 0.000000;;,
      5;4;-0.707107, 0.707107, 0.000000, 0.000000;;,
      6;4;-0.707107, 0.707107, 0.000000, 0.000000;;,
      7;4;-0.707107, 0.707107, 0.000000, 0.000000;;,
      8;4;-0.707107, 0.707107, 0.000000, 0.000000;;,
      9;4;-0.707107, 0.707107, 0.000000, 0.000000;;,
      10;4;-0.707107, 0.707107, 0.000000, 0.000000;;,
      11;4;-0.707107, 0.707107, 0.000000, 0.000000;;,
      12;4;-0.707107, 0.707107, 0.000000, 0.000000;;,
      13;4;-0.707107, 0.707107, 0.000000, 0.000000;;,
      14;4;-0.707107, 0.707107, 0.000000, 0.000000;;,
      15;4;-0.707107, 0.707107, 0.000000, 0.000000;;,
      16;4;-0.707107, 0.707107, 0.000000, 0.000000;;,
      17;4;-0.707107, 0.707107, 0.000000, 0.000000;;;
    }
    AnimationKey { // Scale
      1;
      18;
      0;3; 0.010000, 0.010000, 0.010000;;,
      1;3; 0.010000, 0.010000, 0.010000;;,
      2;3; 0.010000, 0.010000, 0.010000;;,
      3;3; 0.010000, 0.010000, 0.010000;;,
      4;3; 0.010000, 0.010000, 0.010000;;,
      5;3; 0.010000, 0.010000, 0.010000;;,
      6;3; 0.010000, 0.010000, 0.010000;;,
      7;3; 0.010000, 0.010000, 0.010000;;,
      8;3; 0.010000, 0.010000, 0.010000;;,
      9;3; 0.010000, 0.010000, 0.010000;;,
      10;3; 0.010000, 0.010000, 0.010000;;,
      11;3; 0.010000, 0.010000, 0.010000;;,
      12;3; 0.010000, 0.010000, 0.010000;;,
      13;3; 0.010000, 0.010000, 0.010000;;,
      14;3; 0.010000, 0.010000, 0.010000;;,
      15;3; 0.010000, 0.010000, 0.010000;;,
      16;3; 0.010000, 0.010000, 0.010000;;,
      17;3; 0.010000, 0.010000, 0.010000;;;
    }
    AnimationKey { // Position
      2;
      18;
      0;3; 0.000000, 0.000000, 0.000000;;,
      1;3; 0.000000, 0.000000, 0.000000;;,
      2;3; 0.000000, 0.000000, 0.000000;;,
      3;3; 0.000000, 0.000000, 0.000000;;,
      4;3; 0.000000, 0.000000, 0.000000;;,
      5;3; 0.000000, 0.000000, 0.000000;;,
      6;3; 0.000000, 0.000000, 0.000000;;,
      7;3; 0.000000, 0.000000, 0.000000;;,
      8;3; 0.000000, 0.000000, 0.000000;;,
      9;3; 0.000000, 0.000000, 0.000000;;,
      10;3; 0.000000, 0.000000, 0.000000;;,
      11;3; 0.000000, 0.000000, 0.000000;;,
      12;3; 0.000000, 0.000000, 0.000000;;,
      13;3; 0.000000, 0.000000, 0.000000;;,
      14;3; 0.000000, 0.000000, 0.000000;;,
      15;3; 0.000000, 0.000000, 0.000000;;,
      16;3; 0.000000, 0.000000, 0.000000;;,
      17;3; 0.000000, 0.000000, 0.000000;;;
    }
  }
  Animation {
    {Armature_mixamorig_Hips}
    AnimationKey { // Rotation
      0;
      18;
      0;4;-0.880416, 0.073940,-0.467370, 0.031093;;,
      1;4;-0.869340, 0.073652,-0.487603, 0.032649;;,
      2;4;-0.856692, 0.073842,-0.509399, 0.033757;;,
      3;4;-0.844851, 0.070638,-0.528968, 0.037824;;,
      4;4;-0.835767, 0.069847,-0.543181, 0.039613;;,
      5;4;-0.831407, 0.069611,-0.549755, 0.041071;;,
      6;4;-0.829001, 0.070312,-0.553203, 0.042185;;,
      7;4;-0.827516, 0.071701,-0.555191, 0.042881;;,
      8;4;-0.826379, 0.073341,-0.556627, 0.043410;;,
      9;4;-0.826082, 0.075526,-0.556764, 0.043570;;,
      10;4;-0.826121, 0.077844,-0.556383, 0.043608;;,
      11;4;-0.826229, 0.080605,-0.555839, 0.043490;;,
      12;4;-0.826352, 0.082112,-0.555412, 0.043791;;,
      13;4;-0.826262, 0.083576,-0.555297, 0.044170;;,
      14;4;-0.826534, 0.084929,-0.554658, 0.044527;;,
      15;4;-0.827089, 0.086213,-0.553606, 0.044854;;,
      16;4;-0.827704, 0.087481,-0.552460, 0.045181;;,
      17;4;-0.828335, 0.088743,-0.551286, 0.045493;;;
    }
    AnimationKey { // Scale
      1;
      18;
      0;3; 1.000000, 1.000000, 1.000000;;,
      1;3; 1.000000, 1.000000, 1.000000;;,
      2;3; 1.000000, 1.000000, 1.000000;;,
      3;3; 1.000000, 1.000000, 1.000000;;,
      4;3; 1.000000, 1.000000, 1.000000;;,
      5;3; 1.000000, 1.000000, 1.000000;;,
      6;3; 1.000000, 1.000000, 1.000000;;,
      7;3; 1.000000, 1.000000, 1.000000;;,
      8;3; 1.000000, 1.000000, 1.000000;;,
      9;3; 1.000000, 1.000000, 1.000000;;,
      10;3; 1.000000, 1.000000, 1.000000;;,
      11;3; 1.000000, 1.000000, 1.000000;;,
      12;3; 1.000000, 1.000000, 1.000000;;,
      13;3; 1.000000, 1.000000, 1.000000;;,
      14;3; 1.000000, 1.000000, 1.000000;;,
      15;3; 1.000000, 1.000000, 1.000000;;,
      16;3; 1.000000, 1.000000, 1.000000;;,
      17;3; 1.000000, 1.000000, 1.000000;;;
    }
    AnimationKey { // Position
      2;
      18;
      0;3;-0.025507,80.561256, 0.029360;;,
      1;3;-0.004155,79.779076, 0.830975;;,
      2;3; 0.088493,79.103592, 1.548679;;,
      3;3; 0.128603,78.750374, 2.303056;;,
      4;3; 0.166843,78.521347, 3.362290;;,
      5;3; 0.107329,78.191833, 4.853596;;,
      6;3;-0.039752,77.830582, 6.747589;;,
      7;3;-0.258086,77.421379, 8.879407;;,
      8;3;-0.510613,76.952896,11.085532;;,
      9;3;-0.890511,76.249443,13.405302;;,
      10;3;-1.426885,75.292717,15.675903;;,
      11;3;-1.998446,74.073845,17.868647;;,
      12;3;-2.600071,72.593262,20.056240;;,
      13;3;-2.832321,71.420700,21.743053;;,
      14;3;-2.909760,70.518562,22.998133;;,
      15;3;-2.932855,69.981903,23.634666;;,
      16;3;-2.942895,69.557350,24.081533;;,
      17;3;-2.950665,69.150429,24.498442;;;
    }
  }
  Animation {
    {Armature_mixamorig_Spine}
    AnimationKey { // Rotation
      0;
      18;
      0;4;-0.999066, 0.011155, 0.033963,-0.024277;;,
      1;4;-0.998464, 0.010916, 0.052965,-0.012025;;,
      2;4;-0.996947, 0.014419, 0.076616, 0.004419;;,
      3;4;-0.995148, 0.021836, 0.095477, 0.009328;;,
      4;4;-0.993412, 0.022536, 0.112333, 0.002582;;,
      5;4;-0.992910, 0.015615, 0.117570,-0.007912;;,
      6;4;-0.993596, 0.009663, 0.111191,-0.017601;;,
      7;4;-0.994825, 0.008750, 0.097442,-0.027412;;,
      8;4;-0.995631, 0.007640, 0.085398,-0.037000;;,
      9;4;-0.995343, 0.003537, 0.085954,-0.043503;;,
      10;4;-0.994749, 0.000951, 0.090950,-0.046911;;,
      11;4;-0.993449,-0.000153, 0.101723,-0.052073;;,
      12;4;-0.992229,-0.000017, 0.110673,-0.056866;;,
      13;4;-0.991314, 0.000800, 0.116542,-0.060942;;,
      14;4;-0.990426, 0.001773, 0.121826,-0.064892;;,
      15;4;-0.989506, 0.002800, 0.127018,-0.068830;;,
      16;4;-0.988536, 0.003863, 0.132227,-0.072786;;,
      17;4;-0.987507, 0.004951, 0.137517,-0.076777;;;
    }
    AnimationKey { // Scale
      1;
      18;
      0;3; 1.000000, 1.000000, 1.000000;;,
      1;3; 1.000000, 1.000000, 1.000000;;,
      2;3; 1.000000, 1.000000, 1.000000;;,
      3;3; 1.000000, 1.000000, 1.000000;;,
      4;3; 1.000000, 1.000000, 1.000000;;,
      5;3; 1.000000, 1.000000, 1.000000;;,
      6;3; 1.000000, 1.000000, 1.000000;;,
      7;3; 1.000000, 1.000000, 1.000000;;,
      8;3; 1.000000, 1.000000, 1.000000;;,
      9;3; 1.000000, 1.000000, 1.000000;;,
      10;3; 1.000000, 1.000000, 1.000000;;,
      11;3; 1.000000, 1.000000, 1.000000;;,
      12;3; 1.000000, 1.000000, 1.000000;;,
      13;3; 1.000000, 1.000000, 1.000000;;,
      14;3; 1.000000, 1.000000, 1.000000;;,
      15;3; 1.000000, 1.000000, 1.000000;;,
      16;3; 1.000000, 1.000000, 1.000000;;,
      17;3; 1.000000, 1.000000, 1.000000;;;
    }
    AnimationKey { // Position
      2;
      18;
      0;3; 0.017300,10.574806,-1.117201;;,
      1;3; 0.017300,10.574804,-1.117200;;,
      2;3; 0.017301,10.574799,-1.117200;;,
      3;3; 0.017300,10.574798,-1.117199;;,
      4;3; 0.017300,10.574800,-1.117201;;,
      5;3; 0.017299,10.574797,-1.117201;;,
      6;3; 0.017300,10.574788,-1.117203;;,
      7;3; 0.017301,10.574811,-1.117201;;,
      8;3; 0.017299,10.574789,-1.117199;;,
      9;3; 0.017299,10.574800,-1.117200;;,
      10;3; 0.017300,10.574801,-1.117201;;,
      11;3; 0.017301,10.574788,-1.117199;;,
      12;3; 0.017297,10.574806,-1.117201;;,
      13;3; 0.017301,10.574800,-1.117201;;,
      14;3; 0.017302,10.574795,-1.117198;;,
      15;3; 0.017301,10.574788,-1.117199;;,
      16;3; 0.017302,10.574797,-1.117198;;,
      17;3; 0.017298,10.574801,-1.117200;;;
    }
  }
  Animation {
    {Armature_mixamorig_Spine1}
    AnimationKey { // Rotation
      0;
      18;
      0;4;-0.999660, 0.010786, 0.009977, 0.021538;;,
      1;4;-0.999608, 0.013378, 0.013510, 0.020554;;,
      2;4;-0.999490, 0.016450, 0.018245, 0.020420;;,
      3;4;-0.999367, 0.020041, 0.021889, 0.019616;;,
