xof 0303txt 0032

template XSkinMeshHeader {
  <3cf169ce-ff7c-44ab-93c0-f78f62d172e2>
  WORD nMaxSkinWeightsPerVertex;
  WORD nMaxSkinWeightsPerFace;
  WORD nBones;
}

template SkinWeights {
  <6f0d123b-bad2-4167-a0d0-80224f25fabb>
  STRING transformNodeName;
  DWORD nWeights;
  array DWORD vertexIndices[nWeights];
  array float weights[nWeights];
  Matrix4x4 matrixOffset;
}

Frame Root {
  FrameTransformMatrix {
     1.000000, 0.000000, 0.000000, 0.000000,
     0.000000,-0.000000,-1.000000, 0.000000,
     0.000000, 1.000000,-0.000000, 0.000000,
     0.000000, 0.000000, 0.000000, 1.000000;;
  }
  Frame Armature {
    FrameTransformMatrix {
       0.010000, 0.000000, 0.000000, 0.000000,
       0.000000,-0.000000, 0.010000, 0.000000,
       0.000000,-0.010000,-0.000000, 0.000000,
       0.000000, 0.000000, 0.000000, 1.000000;;
    }
    Frame Armature_mixamorig_Hips {
      FrameTransformMatrix {
         0.922030, 0.227300,-0.313361, 0.000000,
         0.372979,-0.304839, 0.876333, 0.000000,
         0.103666,-0.924883,-0.365849, 0.000000,
         5.679733,66.294769,38.855804, 1.000000;;
      }
      Frame Armature_mixamorig_LeftUpLeg {
        FrameTransformMatrix {
          -0.845709,-0.227406, 0.482738, 0.000000,
           0.434139, 0.232885, 0.870170, 0.000000,
          -0.310323, 0.945543,-0.098224, 0.000000,
           9.789100,-5.875897,-0.583694, 1.000000;;
        }
        Frame Armature_mixamorig_LeftLeg {
          FrameTransformMatrix {
             0.974722,-0.180110,-0.132199, 0.000000,
            -0.163456,-0.171496,-0.971530, 0.000000,
             0.152310, 0.968581,-0.196601, 0.000000,
            -0.000000,41.701996,-0.000001, 1.000000;;
          }
          Frame Armature_mixamorig_LeftFoot {
            FrameTransformMatrix {
               0.897326, 0.031692,-0.440228, 0.000000,
               0.332355, 0.607790, 0.721201, 0.000000,
               0.290422,-0.793465, 0.534853, 0.000000,
               0.000006,36.981026,-0.000000, 1.000000;;
            }
            Frame Armature_mixamorig_LeftToeBase {
              FrameTransformMatrix {
                 0.999880, 0.011181,-0.010754, 0.000000,
                -0.005653, 0.908127, 0.418658, 0.000000,
                 0.014447,-0.418546, 0.908080, 0.000000,
                -0.000005,16.700533, 0.000004, 1.000000;;
              }
              Frame Armature_mixamorig_LeftToe_End {
                FrameTransformMatrix {
                   1.000000,-0.000000,-0.000000, 0.000000,
                   0.000000, 1.000000,-0.000000, 0.000000,
                   0.000000,-0.000000, 1.000000, 0.000000,
                  -0.000002, 7.120429,-0.000000, 1.000000;;
                }
              } // End of Armature_mixamorig_LeftToe_End
            } // End of Armature_mixamorig_LeftToeBase
          } // End of Armature_mixamorig_LeftFoot
        } // End of Armature_mixamorig_LeftLeg
      } // End of Armature_mixamorig_LeftUpLeg
      Frame Armature_mixamorig_RightUpLeg {
        FrameTransformMatrix {
          -0.898618,-0.428705,-0.093256, 0.000000,
           0.154711,-0.508558, 0.846965, 0.000000,
          -0.410549, 0.746714, 0.523291, 0.000000,
          -9.857700,-5.875896,-0.583695, 1.000000;;
        }
        Frame Armature_mixamorig_RightLeg {
          FrameTransformMatrix {
             0.892336, 0.089750, 0.442360, 0.000000,
             0.065781, 0.943711,-0.324164, 0.000000,
            -0.446554, 0.318362, 0.836203, 0.000000,
            -0.000000,41.702003,-0.000000, 1.000000;;
          }
          Frame Armature_mixamorig_RightFoot {
            FrameTransformMatrix {
               0.982706, 0.078753, 0.167592, 0.000000,
              -0.135651, 0.922237, 0.362047, 0.000000,
              -0.126047,-0.378520, 0.916971, 0.000000,
               0.000000,36.981026,-0.000001, 1.000000;;
            }
            Frame Armature_mixamorig_RightToeBase {
              FrameTransformMatrix {
                 0.934430,-0.267709,-0.234888, 0.000000,
                 0.260924, 0.065704, 0.963121, 0.000000,
                -0.242403,-0.961257, 0.131247, 0.000000,
                 0.000000,16.700537,-0.000002, 1.000000;;
              }
              Frame Armature_mixamorig_RightToe_End {
                FrameTransformMatrix {
                   1.000000, 0.000000, 0.000000, 0.000000,
                   0.000000, 1.000000, 0.000000, 0.000000,
                  -0.000000,-0.000000, 1.000000, 0.000000,
                  -0.000001, 7.120429, 0.000004, 1.000000;;
                }
              } // End of Armature_mixamorig_RightToe_End
            } // End of Armature_mixamorig_RightToeBase
          } // End of Armature_mixamorig_RightFoot
        } // End of Armature_mixamorig_RightLeg
      } // End of Armature_mixamorig_RightUpLeg
      Frame Armature_mixamorig_Spine {
        FrameTransformMatrix {
           0.999195, 0.014393, 0.037438, 0.000000,
          -0.010542, 0.994818,-0.101122, 0.000000,
          -0.038699, 0.100646, 0.994169, 0.000000,
           0.017300,10.574804,-1.117201, 1.000000;;
        }
        Frame Armature_mixamorig_Spine1 {
          FrameTransformMatrix {
             0.994674,-0.001693, 0.103057, 0.000000,
             0.000891, 0.999969, 0.007829, 0.000000,
            -0.103067,-0.007695, 0.994645, 0.000000,
             0.000001,12.405997,-0.000002, 1.000000;;
          }
          Frame Armature_mixamorig_Spine2 {
            FrameTransformMatrix {
               0.994678,-0.000160, 0.103034, 0.000000,
              -0.011455, 0.993627, 0.112132, 0.000000,
              -0.102396,-0.112716, 0.988337, 0.000000,
              -0.000001,14.178308,-0.000007, 1.000000;;
            }
            Frame Armature_mixamorig_LeftShoulder {
              FrameTransformMatrix {
                 0.502603, 0.079519,-0.860853, 0.000000,
                 0.863638,-0.001293, 0.504110, 0.000000,
                 0.038973,-0.996833,-0.069325, 0.000000,
                 5.934999,13.670208,-1.662603, 1.000000;;
              }
              Frame Armature_mixamorig_LeftArm {
                FrameTransformMatrix {
                   0.801812, 0.134208, 0.582310, 0.000000,
                  -0.372564, 0.874153, 0.311531, 0.000000,
                  -0.467218,-0.466738, 0.750908, 0.000000,
                   0.000001,12.607899,-0.000004, 1.000000;;
                }
                Frame Armature_mixamorig_LeftForeArm {
                  FrameTransformMatrix {
                     0.362329, 0.908272,-0.209189, 0.000000,
                    -0.928938, 0.370233,-0.001478, 0.000000,
                     0.076106, 0.194859, 0.977874, 0.000000,
                    -0.000002,25.574310, 0.000001, 1.000000;;
                  }
                  Frame Armature_mixamorig_LeftHand {
                    FrameTransformMatrix {
                       0.931489,-0.355343,-0.077838, 0.000000,
                      -0.024217, 0.152926,-0.987941, 0.000000,
                       0.362961, 0.922141, 0.133844, 0.000000,
                      -0.000001,21.603407, 0.000000, 1.000000;;
                    }
                    Frame Armature_mixamorig_LeftHandIndex1 {
                      FrameTransformMatrix {
                         0.974657, 0.217905,-0.050605, 0.000000,
                        -0.220803, 0.973391,-0.061279, 0.000000,
                         0.035906, 0.070900, 0.996837, 0.000000,
                        -2.341900, 9.909706,-0.291394, 1.000000;;
                      }
                      Frame Armature_mixamorig_LeftHandIndex2 {
                        FrameTransformMatrix {
                           0.999963,-0.008596,-0.000038, 0.000000,
                           0.008596, 0.999958, 0.003321, 0.000000,
                           0.000009,-0.003321, 0.999995, 0.000000,
                           0.000001, 3.776696,-0.000002, 1.000000;;
                        }
                        Frame Armature_mixamorig_LeftHandIndex3 {
                          FrameTransformMatrix {
                             1.000000, 0.000000, 0.000000, 0.000000,
                             0.000000, 1.000000,-0.000000, 0.000000,
                            -0.000000, 0.000000, 1.000000, 0.000000,
                            -0.000005, 2.542987,-0.000001, 1.000000;;
                          }
                          Frame Armature_mixamorig_LeftHandIndex4 {
                            FrameTransformMatrix {
                               1.000000, 0.000000, 0.000000, 0.000000,
                               0.000000, 1.000000,-0.000000, 0.000000,
                              -0.000000, 0.000000, 1.000000, 0.000000,
                               0.000002, 2.529083,-0.000001, 1.000000;;
                            }
                          } // End of Armature_mixamorig_LeftHandIndex4
                        } // End of Armature_mixamorig_LeftHandIndex3
                      } // End of Armature_mixamorig_LeftHandIndex2
                    } // End of Armature_mixamorig_LeftHandIndex1
                    Frame Armature_mixamorig_LeftHandMiddle1 {
                      FrameTransformMatrix {
                         0.996728,-0.080819,-0.001542, 0.000000,
                         0.080726, 0.996205,-0.032543, 0.000000,
                         0.004166, 0.032312, 0.999469, 0.000000,
                        -0.000003, 9.700808,-0.000001, 1.000000;;
                      }
                      Frame Armature_mixamorig_LeftHandMiddle2 {
                        FrameTransformMatrix {
                           0.999962,-0.008688, 0.000043, 0.000000,
                           0.008688, 0.999962, 0.000749, 0.000000,
                          -0.000049,-0.000748, 1.000000, 0.000000,
                           0.000001, 4.014612,-0.000003, 1.000000;;
                        }
                        Frame Armature_mixamorig_LeftHandMiddle3 {
                          FrameTransformMatrix {
                             1.000000, 0.000000,-0.000000, 0.000000,
                            -0.000000, 1.000000,-0.000000, 0.000000,
                             0.000000, 0.000000, 1.000000, 0.000000,
                            -0.000015, 2.996708, 0.000001, 1.000000;;
                          }
                          Frame Armature_mixamorig_LeftHandMiddle4 {
                            FrameTransformMatrix {
                               1.000000,-0.000000,-0.000000, 0.000000,
                               0.000000, 1.000000, 0.000000, 0.000000,
                               0.000000, 0.000000, 1.000000, 0.000000,
                               0.000005, 2.824989,-0.000002, 1.000000;;
                            }
                          } // End of Armature_mixamorig_LeftHandMiddle4
                        } // End of Armature_mixamorig_LeftHandMiddle3
                      } // End of Armature_mixamorig_LeftHandMiddle2
                    } // End of Armature_mixamorig_LeftHandMiddle1
                    Frame Armature_mixamorig_LeftHandPinky1 {
                      FrameTransformMatrix {
                         0.916880,-0.399035, 0.010108, 0.000000,
                         0.399163, 0.916571,-0.023799, 0.000000,
                         0.000232, 0.025856, 0.999666, 0.000000,
                         4.712696, 8.985510,-0.221601, 1.000000;;
                      }
                      Frame Armature_mixamorig_LeftHandPinky2 {
                        FrameTransformMatrix {
                           0.998767, 0.049632,-0.000482, 0.000000,
                          -0.049632, 0.998767, 0.000010, 0.000000,
                           0.000481, 0.000013, 1.000000, 0.000000,
                          -0.000001, 3.562509, 0.000000, 1.000000;;
                        }
                        Frame Armature_mixamorig_LeftHandPinky3 {
                          FrameTransformMatrix {
                             1.000000, 0.000000,-0.000000, 0.000000,
                             0.000000, 1.000000, 0.000000, 0.000000,
                             0.000000, 0.000000, 1.000000, 0.000000,
                             0.000007, 2.335196,-0.000000, 1.000000;;
                          }
                          Frame Armature_mixamorig_LeftHandPinky4 {
                            FrameTransformMatrix {
                               1.000000, 0.000000,-0.000000, 0.000000,
                               0.000000, 1.000000, 0.000000, 0.000000,
                               0.000000, 0.000000, 1.000000, 0.000000,
                              -0.000003, 2.037282,-0.000000, 1.000000;;
                            }
                          } // End of Armature_mixamorig_LeftHandPinky4
                        } // End of Armature_mixamorig_LeftHandPinky3
                      } // End of Armature_mixamorig_LeftHandPinky2
                    } // End of Armature_mixamorig_LeftHandPinky1
                    Frame Armature_mixamorig_LeftHandRing1 {
                      FrameTransformMatrix {
                         0.969135,-0.246474, 0.005294, 0.000000,
                         0.246531, 0.968928,-0.020002, 0.000000,
                        -0.000199, 0.020690, 0.999786, 0.000000,
                         2.241696, 9.308403,-0.143493, 1.000000;;
                      }
                      Frame Armature_mixamorig_LeftHandRing2 {
                        FrameTransformMatrix {
                           0.999958, 0.009216,-0.000137, 0.000000,
                          -0.009216, 0.999958,-0.000001, 0.000000,
                           0.000137, 0.000002, 1.000000, 0.000000,
                           0.000000, 4.019389,-0.000001, 1.000000;;
                        }
                        Frame Armature_mixamorig_LeftHandRing3 {
                          FrameTransformMatrix {
                             1.000000, 0.000000,-0.000000, 0.000000,
                            -0.000000, 1.000000, 0.000000, 0.000000,
                             0.000000,-0.000000, 1.000000, 0.000000,
                            -0.000003, 2.790810, 0.000000, 1.000000;;
                          }
                          Frame Armature_mixamorig_LeftHandRing4 {
                            FrameTransformMatrix {
                               1.000000, 0.000000,-0.000000, 0.000000,
                              -0.000000, 1.000000, 0.000000, 0.000000,
                               0.000000,-0.000000, 1.000000, 0.000000,
                              -0.000001, 2.540704, 0.000001, 1.000000;;
                            }
                          } // End of Armature_mixamorig_LeftHandRing4
                        } // End of Armature_mixamorig_LeftHandRing3
                      } // End of Armature_mixamorig_LeftHandRing2
                    } // End of Armature_mixamorig_LeftHandRing1
                    Frame Armature_mixamorig_LeftHandThumb1 {
                      FrameTransformMatrix {
                         0.829022, 0.559165, 0.007579, 0.000000,
                        -0.541962, 0.800028, 0.257357, 0.000000,
                         0.137842,-0.217462, 0.966287, 0.000000,
                        -2.370405, 3.545605, 1.908197, 1.000000;;
                      }
                      Frame Armature_mixamorig_LeftHandThumb2 {
                        FrameTransformMatrix {
                           0.995008,-0.064327,-0.076293, 0.000000,
                           0.027240, 0.910558,-0.412483, 0.000000,
                           0.096003, 0.408345, 0.907765, 0.000000,
                          -0.000001, 2.808400, 0.000004, 1.000000;;
                        }
                        Frame Armature_mixamorig_LeftHandThumb3 {
                          FrameTransformMatrix {
                             1.000000,-0.000000, 0.000000, 0.000000,
                             0.000000, 1.000000, 0.000002, 0.000000,
                            -0.000000,-0.000002, 1.000000, 0.000000,
                             0.000001, 2.379010, 0.000001, 1.000000;;
                          }
                          Frame Armature_mixamorig_LeftHandThumb4 {
                            FrameTransformMatrix {
                               1.000000,-0.000000, 0.000000, 0.000000,
                              -0.000000, 1.000000, 0.000000, 0.000000,
                               0.000000,-0.000000, 1.000000, 0.000000,
                              -0.000004, 2.445013, 0.000005, 1.000000;;
                            }
                          } // End of Armature_mixamorig_LeftHandThumb4
                        } // End of Armature_mixamorig_LeftHandThumb3
                      } // End of Armature_mixamorig_LeftHandThumb2
                    } // End of Armature_mixamorig_LeftHandThumb1
                  } // End of Armature_mixamorig_LeftHand
                  Frame Armature_mixamorig_Shield_joint {
                    FrameTransformMatrix {
                       0.000000, 1.000000,-0.000000, 0.000000,
                       0.000000,-0.000000,-1.000000, 0.000000,
                      -1.000000, 0.000000,-0.000000, 0.000000,
                       0.398199,14.663406,-5.648608, 1.000000;;
                    }
                  } // End of Armature_mixamorig_Shield_joint
                } // End of Armature_mixamorig_LeftForeArm
              } // End of Armature_mixamorig_LeftArm
            } // End of Armature_mixamorig_LeftShoulder
            Frame Armature_mixamorig_Neck {
              FrameTransformMatrix {
                 0.999637, 0.023025, 0.014009, 0.000000,
                -0.022314, 0.998550,-0.048984, 0.000000,
                -0.015116, 0.048653, 0.998701, 0.000000,
                 0.024398,15.862298,-1.675807, 1.000000;;
              }
              Frame Armature_mixamorig_Head {
                FrameTransformMatrix {
                   0.953502,-0.293944, 0.066567, 0.000000,
                   0.290324, 0.836524,-0.464693, 0.000000,
                   0.080909, 0.462412, 0.882966, 0.000000,
                   0.000000, 5.563992, 0.988102, 1.000000;;
                }
                Frame Armature_mixamorig_HeadTop_End {
                  FrameTransformMatrix {
                     1.000000,-0.000000,-0.000000, 0.000000,
                     0.000000, 1.000000,-0.000000, 0.000000,
                     0.000000, 0.000000, 1.000000, 0.000000,
                     0.000005,18.311893, 3.086902, 1.000000;;
                  }
                } // End of Armature_mixamorig_HeadTop_End
                Frame Armature_mixamorig_LeftEye {
                  FrameTransformMatrix {
                    -0.000000, 0.000000,-1.000000, 0.000000,
                     1.000000,-0.000000,-0.000000, 0.000000,
                    -0.000000,-1.000000,-0.000000, 0.000000,
                     2.284404, 7.935694, 7.063704, 1.000000;;
                  }
                } // End of Armature_mixamorig_LeftEye
                Frame Armature_mixamorig_RightEye {
                  FrameTransformMatrix {
                     0.000000, 0.000000, 1.000000, 0.000000,
                    -1.000000, 0.000000,-0.000000, 0.000000,
                    -0.000000,-1.000000,-0.000000, 0.000000,
                    -2.377501, 7.935698, 7.063704, 1.000000;;
                  }
                } // End of Armature_mixamorig_RightEye
              } // End of Armature_mixamorig_Head
            } // End of Armature_mixamorig_Neck
            Frame Armature_mixamorig_RightShoulder {
              FrameTransformMatrix {
                 0.261614,-0.068720, 0.962723, 0.000000,
                -0.927494, 0.258081, 0.270463, 0.000000,
                -0.267047,-0.963676, 0.003780, 0.000000,
                -5.979203,13.670210,-1.662605, 1.000000;;
              }
              Frame Armature_mixamorig_RightArm {
                FrameTransformMatrix {
                   0.028074,-0.728785,-0.684167, 0.000000,
                   0.464653, 0.615512,-0.636587, 0.000000,
                   0.885048,-0.300028, 0.355912, 0.000000,
                   0.000003,12.607897,-0.000007, 1.000000;;
                }
                Frame Armature_mixamorig_RightForeArm {
                  FrameTransformMatrix {
                     0.377188,-0.585747, 0.717377, 0.000000,
                     0.840633, 0.541605, 0.000233, 0.000000,
                    -0.388672, 0.602963, 0.696684, 0.000000,
                    -0.000003,25.574299,-0.000011, 1.000000;;
                  }
                  Frame Armature_mixamorig_RightHand {
                    FrameTransformMatrix {
                       0.983128, 0.181529, 0.022520, 0.000000,
                      -0.165167, 0.933864,-0.317202, 0.000000,
                      -0.078612, 0.308131, 0.948090, 0.000000,
                       0.000007,21.603504, 0.000003, 1.000000;;
                    }
                    Frame Armature_mixamorig_RightHandIndex1 {
                      FrameTransformMatrix {
                         0.998891,-0.046246, 0.008870, 0.000000,
                         0.045947, 0.998451, 0.031371, 0.000000,
                        -0.010307,-0.030928, 0.999469, 0.000000,
                         2.341887, 9.909597,-0.291400, 1.000000;;
                      }
                      Frame Armature_mixamorig_RightHandIndex2 {
                        FrameTransformMatrix {
                           0.999976,-0.003312,-0.006122, 0.000000,
                           0.004194, 0.988664, 0.150088, 0.000000,
                           0.005555,-0.150110, 0.988654, 0.000000,
                           0.000005, 3.776701, 0.000001, 1.000000;;
                        }
                        Frame Armature_mixamorig_RightHandIndex3 {
                          FrameTransformMatrix {
                             1.000000, 0.000000,-0.000000, 0.000000,
                            -0.000000, 1.000000,-0.000000, 0.000000,
                             0.000000, 0.000000, 1.000000, 0.000000,
                            -0.000008, 2.543002, 0.000003, 1.000000;;
                          }
                          Frame Armature_mixamorig_RightHandIndex4 {
                            FrameTransformMatrix {
                               1.000000, 0.000000, 0.000000, 0.000000,
                              -0.000000, 1.000000, 0.000000, 0.000000,
                               0.000000, 0.000000, 1.000000, 0.000000,
                               0.000022, 2.528991, 0.000005, 1.000000;;
                            }
                          } // End of Armature_mixamorig_RightHandIndex4
                        } // End of Armature_mixamorig_RightHandIndex3
                      } // End of Armature_mixamorig_RightHandIndex2
                    } // End of Armature_mixamorig_RightHandIndex1
                    Frame Armature_mixamorig_RightHandMiddle1 {
                      FrameTransformMatrix {
                         0.999614, 0.007303,-0.026785, 0.000000,
                         0.001923, 0.944241, 0.329248, 0.000000,
                         0.027696,-0.329173, 0.943863, 0.000000,
                        -0.000010, 9.700597,-0.000002, 1.000000;;
                      }
                      Frame Armature_mixamorig_RightHandMiddle2 {
                        FrameTransformMatrix {
                           0.999995, 0.002148,-0.002271, 0.000000,
                          -0.001982, 0.997484, 0.070861, 0.000000,
                           0.002418,-0.070856, 0.997483, 0.000000,
                          -0.000009, 4.014605, 0.000005, 1.000000;;
                        }
                        Frame Armature_mixamorig_RightHandMiddle3 {
                          FrameTransformMatrix {
                             1.000000, 0.000000,-0.000000, 0.000000,
                             0.000000, 1.000000, 0.000000, 0.000000,
                             0.000000,-0.000000, 1.000000, 0.000000,
                            -0.000002, 2.996705,-0.000006, 1.000000;;
                          }
                          Frame Armature_mixamorig_RightHandMiddle4 {
                            FrameTransformMatrix {
                               1.000000, 0.000000,-0.000000, 0.000000,
                               0.000000, 1.000000, 0.000000, 0.000000,
                               0.000000,-0.000000, 1.000000, 0.000000,
                              -0.000008, 2.824994,-0.000001, 1.000000;;
                            }
                          } // End of Armature_mixamorig_RightHandMiddle4
                        } // End of Armature_mixamorig_RightHandMiddle3
                      } // End of Armature_mixamorig_RightHandMiddle2
                    } // End of Armature_mixamorig_RightHandMiddle1
                    Frame Armature_mixamorig_RightHandPinky1 {
                      FrameTransformMatrix {
                         0.954306, 0.292270, 0.062270, 0.000000,
                        -0.282862, 0.816275, 0.503671, 0.000000,
                         0.096378,-0.498270, 0.861649, 0.000000,
                        -4.712816, 8.985294,-0.221701, 1.000000;;
                      }
                      Frame Armature_mixamorig_RightHandPinky2 {
                        FrameTransformMatrix {
                           0.996853,-0.077445,-0.016958, 0.000000,
                           0.078240, 0.926483, 0.368115, 0.000000,
                          -0.012798,-0.368283, 0.929626, 0.000000,
                          -0.000012, 3.562501,-0.000005, 1.000000;;
                        }
                        Frame Armature_mixamorig_RightHandPinky3 {
                          FrameTransformMatrix {
                             1.000000,-0.000000, 0.000000, 0.000000,
                             0.000000, 1.000000, 0.000000, 0.000000,
                            -0.000000,-0.000000, 1.000000, 0.000000,
                            -0.000002, 2.335211, 0.000002, 1.000000;;
                          }
                          Frame Armature_mixamorig_RightHandPinky4 {
                            FrameTransformMatrix {
                               1.000000, 0.000000, 0.000000, 0.000000,
                              -0.000000, 1.000000,-0.000000, 0.000000,
                              -0.000000, 0.000000, 1.000000, 0.000000,
                               0.000004, 2.037302,-0.000004, 1.000000;;
                            }
                          } // End of Armature_mixamorig_RightHandPinky4
                        } // End of Armature_mixamorig_RightHandPinky3
                      } // End of Armature_mixamorig_RightHandPinky2
                    } // End of Armature_mixamorig_RightHandPinky1
                    Frame Armature_mixamorig_RightHandRing1 {
                      FrameTransformMatrix {
                         0.997209, 0.074596,-0.003133, 0.000000,
                        -0.065676, 0.896375, 0.438404, 0.000000,
                         0.035511,-0.436974, 0.898773, 0.000000,
                        -2.241717, 9.308300,-0.143597, 1.000000;;
                      }
                      Frame Armature_mixamorig_RightHandRing2 {
                        FrameTransformMatrix {
                           0.999168,-0.040436,-0.005214, 0.000000,
                           0.039338, 0.922526, 0.383925, 0.000000,
                          -0.010714,-0.383811, 0.923349, 0.000000,
                           0.000006, 4.019405,-0.000003, 1.000000;;
                        }
                        Frame Armature_mixamorig_RightHandRing3 {
                          FrameTransformMatrix {
                             1.000000, 0.000000,-0.000000, 0.000000,
                            -0.000000, 1.000000,-0.000000, 0.000000,
                             0.000000, 0.000000, 1.000000, 0.000000,
                             0.000004, 2.790808, 0.000003, 1.000000;;
                          }
                          Frame Armature_mixamorig_RightHandRing4 {
                            FrameTransformMatrix {
                               1.000000, 0.000000,-0.000000, 0.000000,
                              -0.000000, 1.000000,-0.000000, 0.000000,
                               0.000000, 0.000000, 1.000000, 0.000000,
                              -0.000014, 2.540697,-0.000003, 1.000000;;
                            }
                          } // End of Armature_mixamorig_RightHandRing4
                        } // End of Armature_mixamorig_RightHandRing3
                      } // End of Armature_mixamorig_RightHandRing2
                    } // End of Armature_mixamorig_RightHandRing1
                    Frame Armature_mixamorig_RightHandThumb1 {
                      FrameTransformMatrix {
                         0.801248,-0.585375, 0.123845, 0.000000,
                         0.450760, 0.726671, 0.518426, 0.000000,
                        -0.393469,-0.359564, 0.846107, 0.000000,
                         2.370380, 3.545500, 1.908101, 1.000000;;
                      }
                      Frame Armature_mixamorig_RightHandThumb2 {
                        FrameTransformMatrix {
                           0.981038, 0.182930, 0.064034, 0.000000,
                          -0.174372, 0.977291,-0.120402, 0.000000,
                          -0.084605, 0.106953, 0.990658, 0.000000,
                          -0.000007, 2.808398, 0.000001, 1.000000;;
                        }
                        Frame Armature_mixamorig_RightHandThumb3 {
                          FrameTransformMatrix {
                             1.000000, 0.000000,-0.000000, 0.000000,
                            -0.000000, 1.000000, 0.000002, 0.000000,
                             0.000000,-0.000002, 1.000000, 0.000000,
                             0.000007, 2.379001,-0.000002, 1.000000;;
                          }
                          Frame Armature_mixamorig_RightHandThumb4 {
                            FrameTransformMatrix {
                               1.000000, 0.000000, 0.000000, 0.000000,
                              -0.000000, 1.000000,-0.000000, 0.000000,
                              -0.000000,-0.000000, 1.000000, 0.000000,
                               0.000001, 2.445006, 0.000001, 1.000000;;
                            }
                          } // End of Armature_mixamorig_RightHandThumb4
                        } // End of Armature_mixamorig_RightHandThumb3
                      } // End of Armature_mixamorig_RightHandThumb2
                    } // End of Armature_mixamorig_RightHandThumb1
                    Frame Armature_mixamorig_Sword_joint {
                      FrameTransformMatrix {
                         0.000000,-1.000000,-0.000000, 0.000000,
                        -0.000000, 0.000000,-1.000000, 0.000000,
                         1.000000, 0.000000,-0.000000, 0.000000,
                        -0.770217, 7.959995, 2.820797, 1.000000;;
                      }
                    } // End of Armature_mixamorig_Sword_joint
                  } // End of Armature_mixamorig_RightHand
                } // End of Armature_mixamorig_RightForeArm
              } // End of Armature_mixamorig_RightArm
            } // End of Armature_mixamorig_RightShoulder
          } // End of Armature_mixamorig_Spine2
        } // End of Armature_mixamorig_Spine1
      } // End of Armature_mixamorig_Spine
    } // End of Armature_mixamorig_Hips
  } // End of Armature
} // End of Root
AnimationSet Global {
  Animation {
    {Armature}
    AnimationKey { // Rotation
      0;
      6;
      0;4;-0.707107, 0.707107, 0.000000, 0.000000;;,
      1;4;-0.707107, 0.707107, 0.000000, 0.000000;;,
      2;4;-0.707107, 0.707107, 0.000000, 0.000000;;,
      3;4;-0.707107, 0.707107, 0.000000, 0.000000;;,
      4;4;-0.707107, 0.707107, 0.000000, 0.000000;;,
      5;4;-0.707107, 0.707107, 0.000000, 0.000000;;;
    }
    AnimationKey { // Scale
      1;
      6;
      0;3; 0.010000, 0.010000, 0.010000;;,
      1;3; 0.010000, 0.010000, 0.010000;;,
      2;3; 0.010000, 0.010000, 0.010000;;,
      3;3; 0.010000, 0.010000, 0.010000;;,
      4;3; 0.010000, 0.010000, 0.010000;;,
      5;3; 0.010000, 0.010000, 0.010000;;;
    }
    AnimationKey { // Position
      2;
      6;
      0;3; 0.000000, 0.000000, 0.000000;;,
      1;3; 0.000000, 0.000000, 0.000000;;,
      2;3; 0.000000, 0.000000, 0.000000;;,
      3;3; 0.000000, 0.000000, 0.000000;;,
      4;3; 0.000000, 0.000000, 0.000000;;,
      5;3; 0.000000, 0.000000, 0.000000;;;
    }
  }
  Animation {
    {Armature_mixamorig_Hips}
    AnimationKey { // Rotation
      0;
      6;
      0;4;-0.601672, 0.777275, 0.136772,-0.122998;;,
      1;4;-0.559317, 0.805096, 0.186400,-0.065115;;,
      2;4;-0.514002, 0.824211, 0.237575,-0.006050;;,
      3;4;-0.459587, 0.838825, 0.287041, 0.052541;;,
      4;4;-0.384524, 0.853767, 0.332622, 0.112187;;,
      5;4;-0.296123, 0.866709, 0.356915, 0.183682;;;
    }
    AnimationKey { // Scale
      1;
      6;
      0;3; 1.000000, 1.000000, 1.000000;;,
      1;3; 1.000000, 1.000000, 1.000000;;,
      2;3; 1.000000, 1.000000, 1.000000;;,
      3;3; 1.000000, 1.000000, 1.000000;;,
      4;3; 1.000000, 1.000000, 1.000000;;,
      5;3; 1.000000, 1.000000, 1.000000;;;
    }
    AnimationKey { // Position
      2;
      6;
      0;3; 5.707448,66.855042,35.017845;;,
      1;3; 5.679733,66.294769,38.855804;;,
      2;3; 5.211061,65.502846,42.582642;;,
      3;3; 4.600834,64.632019,46.763359;;,
      4;3; 3.512592,63.524326,52.381386;;,
      5;3; 2.608701,62.106030,59.995541;;;
    }
  }
  Animation {
    {Armature_mixamorig_Spine}
    AnimationKey { // Rotation
      0;
      6;
      0;4;-0.998406,-0.053952,-0.015004, 0.007095;;,
      1;4;-0.998522,-0.050517,-0.019062, 0.006243;;,
      2;4;-0.998493,-0.048036,-0.025670, 0.006702;;,
      3;4;-0.998335,-0.046798,-0.032227, 0.009938;;,
      4;4;-0.998338,-0.043240,-0.036372, 0.011353;;,
      5;4;-0.998802,-0.034900,-0.034009, 0.004494;;;
    }
    AnimationKey { // Scale
      1;
      6;
      0;3; 1.000000, 1.000000, 1.000000;;,
      1;3; 1.000000, 1.000000, 1.000000;;,
      2;3; 1.000000, 1.000000, 1.000000;;,
      3;3; 1.000000, 1.000000, 1.000000;;,
      4;3; 1.000000, 1.000000, 1.000000;;,
      5;3; 1.000000, 1.000000, 1.000000;;;
    }
    AnimationKey { // Position
      2;
      6;
      0;3; 0.017300,10.574798,-1.117204;;,
      1;3; 0.017300,10.574804,-1.117201;;,
      2;3; 0.017298,10.574800,-1.117191;;,
      3;3; 0.017304,10.574798,-1.117196;;,
      4;3; 0.017300,10.574800,-1.117200;;,
      5;3; 0.017301,10.574793,-1.117194;;;
    }
  }
  Animation {
    {Armature_mixamorig_Spine1}
    AnimationKey { // Rotation
      0;
      6;
      0;4;-0.998984,-0.002997,-0.044951,-0.000845;;,
      1;4;-0.998660, 0.003886,-0.051600,-0.000647;;,
      2;4;-0.997862, 0.008792,-0.064757, 0.000835;;,
      3;4;-0.996657, 0.011024,-0.080874, 0.003692;;,
      4;4;-0.995746, 0.017910,-0.090346, 0.002665;;,
      5;4;-0.995794, 0.034857,-0.084386,-0.007627;;;
    }
    AnimationKey { // Scale
      1;
      6;
      0;3; 1.000000, 1.000000, 1.000000;;,
      1;3; 1.000000, 1.000000, 1.000000;;,
      2;3; 1.000000, 1.000000, 1.000000;;,
      3;3; 1.000000, 1.000000, 1.000000;;,
      4;3; 1.000000, 1.000000, 1.000000;;,
      5;3; 1.000000, 1.000000, 1.000000;;;
    }
    AnimationKey { // Position
      2;
      6;
      0;3; 0.000000,12.405994,-0.000009;;,
      1;3; 0.000001,12.405997,-0.000002;;,
      2;3; 0.000000,12.405993, 0.000010;;,
      3;3; 0.000002,12.405998,-0.000001;;,
      4;3;-0.000005,12.406002,-0.000000;;,
      5;3; 0.000004,12.406001, 0.000002;;;
    }
  }
  Animation {
    {Armature_mixamorig_Spine2}
    AnimationKey { // Rotation
      0;
      6;
      0;4;-0.997762, 0.049525,-0.044873, 0.002284;;,
      1;4;-0.997076, 0.056377,-0.051508, 0.002832;;,
      2;4;-0.996021, 0.061224,-0.064572, 0.005004;;,
      3;4;-0.994698, 0.063377,-0.080519, 0.008703;;,
      4;4;-0.993428, 0.070198,-0.090037, 0.008176;;,
      5;4;-0.992592, 0.087129,-0.084640,-0.002414;;;
    }
    AnimationKey { // Scale
      1;
      6;
      0;3; 1.000000, 1.000000, 1.000000;;,
      1;3; 1.000000, 1.000000, 1.000000;;,
      2;3; 1.000000, 1.000000, 1.000000;;,
      3;3; 1.000000, 1.000000, 1.000000;;,
      4;3; 1.000000, 1.000000, 1.000000;;,
      5;3; 1.000000, 1.000000, 1.000000;;;
    }
    AnimationKey { // Position
      2;
      6;
      0;3; 0.000000,14.178305, 0.000009;;,
      1;3;-0.000001,14.178308,-0.000007;;,
      2;3;-0.000004,14.178310,-0.000005;;,
      3;3;-0.000001,14.178308, 0.000005;;,
      4;3; 0.000000,14.178309, 0.000010;;,
      5;3;-0.000001,14.178310,-0.000002;;;
    }
  }
  Animation {
    {Armature_mixamorig_Neck}
    AnimationKey { // Rotation
      0;
      6;
      0;4;-0.996497,-0.067450,-0.003885, 0.049281;;,
      1;4;-0.999611,-0.024419,-0.007284, 0.011339;;,
      2;4;-0.999300, 0.011873,-0.005226,-0.035084;;,
      3;4;-0.996265, 0.042801, 0.000144,-0.074993;;,
      4;4;-0.992135, 0.071004, 0.006235,-0.102897;;,
      5;4;-0.991488, 0.101057, 0.002743,-0.082047;;;
    }
    AnimationKey { // Scale
      1;
      6;
      0;3; 1.000000, 1.000000, 1.000000;;,
      1;3; 1.000000, 1.000000, 1.000000;;,
      2;3; 1.000000, 1.000000, 1.000000;;,
      3;3; 1.000000, 1.000000, 1.000000;;,
      4;3; 1.000000, 1.000000, 1.000000;;,
      5;3; 1.000000, 1.000000, 1.000000;;;
    }
    AnimationKey { // Position
      2;
      6;
      0;3; 0.024399,15.862300,-1.675795;;,
      1;3; 0.024398,15.862298,-1.675807;;,
      2;3; 0.024404,15.862288,-1.675799;;,
      3;3; 0.024394,15.862299,-1.675792;;,
      4;3; 0.024403,15.862288,-1.675803;;,
      5;3; 0.024399,15.862289,-1.675798;;;
    }
  }
  Animation {
    {Armature_mixamorig_Head}
    AnimationKey { // Rotation
      0;
      6;
      0;4;-0.959225,-0.245037, 0.034226,-0.136649;;,
      1;4;-0.958253,-0.241874, 0.003742,-0.152431;;,
      2;4;-0.963017,-0.215531,-0.008780,-0.161453;;,
      3;4;-0.970310,-0.168985,-0.011287,-0.172672;;,
      4;4;-0.975650,-0.113007,-0.010893,-0.187662;;,
      5;4;-0.976777,-0.046169,-0.002403,-0.209211;;;
    }
    AnimationKey { // Scale
      1;
      6;
      0;3; 1.000000, 1.000000, 1.000000;;,
      1;3; 1.000000, 1.000000, 1.000000;;,
      2;3; 1.000000, 1.000000, 1.000000;;,
      3;3; 1.000000, 1.000000, 1.000000;;,
      4;3; 1.000000, 1.000000, 1.000000;;,
      5;3; 1.000000, 1.000000, 1.000000;;;
    }
    AnimationKey { // Position
      2;
      6;
      0;3; 0.000000, 5.563992, 0.988098;;,
      1;3; 0.000000, 5.563992, 0.988102;;,
      2;3;-0.000001, 5.563993, 0.988109;;,
      3;3;-0.000003, 5.563993, 0.988092;;,
      4;3;-0.000001, 5.563997, 0.988097;;,
      5;3; 0.000000, 5.564003, 0.988104;;;
    }
  }
  Animation {
    {Armature_mixamorig_HeadTop_End}
    AnimationKey { // Rotation
      0;
      6;
      0;4;-1.000000,-0.000000, 0.000000, 0.000000;;,
      1;4;-1.000000,-0.000000, 0.000000,-0.000000;;,
      2;4;-1.000000,-0.000000,-0.000000,-0.000000;;,
      3;4;-1.000000, 0.000000,-0.000000,-0.000000;;,
      4;4;-1.000000, 0.000000, 0.000000,-0.000000;;,
      5;4;-1.000000,-0.000000,-0.000000,-0.000000;;;
    }
    AnimationKey { // Scale
      1;
      6;
      0;3; 1.000000, 1.000000, 1.000000;;,
      1;3; 1.000000, 1.000000, 1.000000;;,
      2;3; 1.000000, 1.000000, 1.000000;;,
      3;3; 1.000000, 1.000000, 1.000000;;,
      4;3; 1.000000, 1.000000, 1.000000;;,
      5;3; 1.000000, 1.000000, 1.000000;;;
    }
    AnimationKey { // Position
      2;
      6;
      0;3;-0.000002,18.311895, 3.086898;;,
      1;3; 0.000005,18.311893, 3.086902;;,
      2;3;-0.000006,18.311905, 3.086902;;,
      3;3; 0.000011,18.311905, 3.086907;;,
      4;3;-0.000004,18.311901, 3.086892;;,
      5;3;-0.000002,18.311897, 3.086900;;;
    }
  }
  Animation {
    {Armature_mixamorig_LeftEye}
    AnimationKey { // Rotation
      0;
      6;
      0;4;-0.500000, 0.500000, 0.500000,-0.500000;;,
      1;4;-0.500000, 0.500000, 0.500000,-0.500000;;,
