xof 0303txt 0032

template XSkinMeshHeader {
  <3cf169ce-ff7c-44ab-93c0-f78f62d172e2>
  WORD nMaxSkinWeightsPerVertex;
  WORD nMaxSkinWeightsPerFace;
  WORD nBones;
}

template SkinWeights {
  <6f0d123b-bad2-4167-a0d0-80224f25fabb>
  STRING transformNodeName;
  DWORD nWeights;
  array DWORD vertexIndices[nWeights];
  array float weights[nWeights];
  Matrix4x4 matrixOffset;
}

Frame Root {
  FrameTransformMatrix {
     1.000000, 0.000000, 0.000000, 0.000000,
     0.000000,-0.000000,-1.000000, 0.000000,
     0.000000, 1.000000,-0.000000, 0.000000,
     0.000000, 0.000000, 0.000000, 1.000000;;
  }
  Frame Armature {
    FrameTransformMatrix {
       0.010000, 0.000000, 0.000000, 0.000000,
       0.000000,-0.000000, 0.010000, 0.000000,
       0.000000,-0.010000,-0.000000, 0.000000,
       0.000000, 0.000000, 0.000000, 1.000000;;
    }
    Frame Armature_mixamorig_Hips {
      FrameTransformMatrix {
         0.325400,-0.026045,-0.945218, 0.000000,
         0.074911, 0.997189,-0.001688, 0.000000,
         0.942605,-0.070258, 0.326436, 0.000000,
        -11.240818,89.837227, 7.334880, 1.000000;;
      }
      Frame Armature_mixamorig_LeftUpLeg {
        FrameTransformMatrix {
          -0.981326,-0.078551, 0.175571, 0.000000,
           0.162608,-0.826387, 0.539083, 0.000000,
           0.102750, 0.557597, 0.823677, 0.000000,
           9.789099,-5.875907,-0.583700, 1.000000;;
        }
        Frame Armature_mixamorig_LeftLeg {
          FrameTransformMatrix {
             0.997662, 0.064926, 0.021327, 0.000000,
            -0.036651, 0.771742,-0.634879, 0.000000,
            -0.057679, 0.632613, 0.772317, 0.000000,
             0.000000,41.701992,-0.000001, 1.000000;;
          }
          Frame Armature_mixamorig_LeftFoot {
            FrameTransformMatrix {
               0.992605,-0.098399,-0.071078, 0.000000,
               0.112786, 0.531149, 0.839738, 0.000000,
              -0.044877,-0.841545, 0.538320, 0.000000,
              -0.000000,36.981022, 0.000000, 1.000000;;
            }
            Frame Armature_mixamorig_LeftToeBase {
              FrameTransformMatrix {
                 0.999665,-0.001232,-0.025868, 0.000000,
                 0.017943, 0.753216, 0.657529, 0.000000,
                 0.018674,-0.657773, 0.752985, 0.000000,
                 0.000000,16.700537, 0.000000, 1.000000;;
              }
              Frame Armature_mixamorig_LeftToe_End {
                FrameTransformMatrix {
                   1.000000,-0.000000,-0.000000, 0.000000,
                   0.000000, 1.000000, 0.000000, 0.000000,
                   0.000000,-0.000000, 1.000000, 0.000000,
                  -0.000000, 7.120430,-0.000000, 1.000000;;
                }
              } // End of Armature_mixamorig_LeftToe_End
            } // End of Armature_mixamorig_LeftToeBase
          } // End of Armature_mixamorig_LeftFoot
        } // End of Armature_mixamorig_LeftLeg
      } // End of Armature_mixamorig_LeftUpLeg
      Frame Armature_mixamorig_RightUpLeg {
        FrameTransformMatrix {
          -0.964048, 0.180153,-0.195326, 0.000000,
          -0.225635,-0.943253, 0.243633, 0.000000,
          -0.140359, 0.278961, 0.949932, 0.000000,
          -9.857700,-5.875898,-0.583701, 1.000000;;
        }
        Frame Armature_mixamorig_RightLeg {
          FrameTransformMatrix {
             0.996811,-0.013755,-0.078601, 0.000000,
            -0.036226, 0.799666,-0.599352, 0.000000,
             0.071098, 0.600288, 0.796618, 0.000000,
            -0.000001,41.701988,-0.000004, 1.000000;;
          }
          Frame Armature_mixamorig_RightFoot {
            FrameTransformMatrix {
               0.972421, 0.206880, 0.107699, 0.000000,
              -0.169684, 0.310709, 0.935237, 0.000000,
               0.160018,-0.927718, 0.337244, 0.000000,
              -0.000001,36.981026, 0.000003, 1.000000;;
            }
            Frame Armature_mixamorig_RightToeBase {
              FrameTransformMatrix {
                 0.998894,-0.010084, 0.045923, 0.000000,
                -0.023881, 0.732537, 0.680308, 0.000000,
                -0.040500,-0.680652, 0.731486, 0.000000,
                -0.000003,16.700533, 0.000001, 1.000000;;
              }
              Frame Armature_mixamorig_RightToe_End {
                FrameTransformMatrix {
                   1.000000,-0.000000, 0.000000, 0.000000,
                   0.000000, 1.000000, 0.000000, 0.000000,
                  -0.000000,-0.000000, 1.000000, 0.000000,
                   0.000001, 7.120427,-0.000000, 1.000000;;
                }
              } // End of Armature_mixamorig_RightToe_End
            } // End of Armature_mixamorig_RightToeBase
          } // End of Armature_mixamorig_RightFoot
        } // End of Armature_mixamorig_RightLeg
      } // End of Armature_mixamorig_RightUpLeg
      Frame Armature_mixamorig_Spine {
        FrameTransformMatrix {
           0.996386, 0.040934,-0.074432, 0.000000,
          -0.016545, 0.952972, 0.302607, 0.000000,
           0.083319,-0.300282, 0.950205, 0.000000,
           0.017299,10.574797,-1.117201, 1.000000;;
        }
        Frame Armature_mixamorig_Spine1 {
          FrameTransformMatrix {
             0.999478,-0.017500,-0.027172, 0.000000,
             0.019427, 0.997188, 0.072376, 0.000000,
             0.025829,-0.072866, 0.997007, 0.000000,
            -0.000001,12.405990, 0.000003, 1.000000;;
          }
          Frame Armature_mixamorig_Spine2 {
            FrameTransformMatrix {
               0.999482,-0.015868,-0.028014, 0.000000,
               0.020577, 0.984041, 0.176751, 0.000000,
               0.024762,-0.177236, 0.983857, 0.000000,
              -0.000001,14.178309, 0.000002, 1.000000;;
            }
            Frame Armature_mixamorig_LeftShoulder {
              FrameTransformMatrix {
                 0.332874, 0.133451,-0.933480, 0.000000,
                 0.941314, 0.011635, 0.337331, 0.000000,
                 0.055879,-0.990987,-0.121747, 0.000000,
                 5.934999,13.670207,-1.662590, 1.000000;;
              }
              Frame Armature_mixamorig_LeftArm {
                FrameTransformMatrix {
                   0.797317, 0.316970, 0.513630, 0.000000,
                  -0.580997, 0.172559, 0.795403, 0.000000,
                   0.163488,-0.932606, 0.321742, 0.000000,
                   0.000002,12.607895, 0.000005, 1.000000;;
                }
                Frame Armature_mixamorig_LeftForeArm {
                  FrameTransformMatrix {
                     0.715479, 0.698634,-0.000003, 0.000000,
                    -0.698466, 0.715306,-0.021978, 0.000000,
                    -0.015353, 0.015727, 0.999758, 0.000000,
                     0.000001,25.574320,-0.000000, 1.000000;;
                  }
                  Frame Armature_mixamorig_LeftHand {
                    FrameTransformMatrix {
                       0.880108, 0.177275, 0.440436, 0.000000,
                      -0.239184, 0.966907, 0.088775, 0.000000,
                      -0.410123,-0.183477, 0.893384, 0.000000,
                       0.000013,21.603409,-0.000004, 1.000000;;
                    }
                    Frame Armature_mixamorig_LeftHandIndex1 {
                      FrameTransformMatrix {
                         0.977114,-0.196830, 0.080657, 0.000000,
                        -0.031329, 0.241880, 0.969800, 0.000000,
                        -0.210395,-0.950133, 0.230177, 0.000000,
                        -2.341901, 9.909712,-0.291392, 1.000000;;
                      }
                      Frame Armature_mixamorig_LeftHandIndex2 {
                        FrameTransformMatrix {
                           0.998469,-0.053427, 0.014314, 0.000000,
                           0.026056, 0.682613, 0.730315, 0.000000,
                          -0.048789,-0.728824, 0.682960, 0.000000,
                          -0.000003, 3.776700,-0.000009, 1.000000;;
                        }
                        Frame Armature_mixamorig_LeftHandIndex3 {
                          FrameTransformMatrix {
                             0.996541,-0.006350, 0.082862, 0.000000,
                            -0.080017, 0.195951, 0.977344, 0.000000,
                            -0.022443,-0.980593, 0.194765, 0.000000,
                            -0.000001, 2.543006,-0.000001, 1.000000;;
                          }
                          Frame Armature_mixamorig_LeftHandIndex4 {
                            FrameTransformMatrix {
                               1.000000,-0.000000,-0.000000, 0.000000,
                              -0.000000, 1.000000,-0.000000, 0.000000,
                               0.000000, 0.000000, 1.000000, 0.000000,
                              -0.000005, 2.529101, 0.000007, 1.000000;;
                            }
                          } // End of Armature_mixamorig_LeftHandIndex4
                        } // End of Armature_mixamorig_LeftHandIndex3
                      } // End of Armature_mixamorig_LeftHandIndex2
                    } // End of Armature_mixamorig_LeftHandIndex1
                    Frame Armature_mixamorig_LeftHandMiddle1 {
                      FrameTransformMatrix {
                         0.958117,-0.285110,-0.026917, 0.000000,
                         0.054329, 0.088675, 0.994578, 0.000000,
                        -0.281177,-0.954384, 0.100450, 0.000000,
                        -0.000004, 9.700811, 0.000003, 1.000000;;
                      }
                      Frame Armature_mixamorig_LeftHandMiddle2 {
                        FrameTransformMatrix {
                           1.000000,-0.000124,-0.000122, 0.000000,
                           0.000153, 0.294293, 0.955715, 0.000000,
                          -0.000083,-0.955715, 0.294292, 0.000000,
                           0.000004, 4.014602,-0.000001, 1.000000;;
                        }
                        Frame Armature_mixamorig_LeftHandMiddle3 {
                          FrameTransformMatrix {
                             0.999742, 0.001702, 0.022647, 0.000000,
                            -0.009324, 0.940029, 0.340966, 0.000000,
                            -0.020708,-0.341089, 0.939803, 0.000000,
                            -0.000004, 2.996708, 0.000002, 1.000000;;
                          }
                          Frame Armature_mixamorig_LeftHandMiddle4 {
                            FrameTransformMatrix {
                               1.000000,-0.000000, 0.000000, 0.000000,
                              -0.000000, 1.000000,-0.000000, 0.000000,
                               0.000000, 0.000000, 1.000000, 0.000000,
                               0.000003, 2.824992,-0.000001, 1.000000;;
                            }
                          } // End of Armature_mixamorig_LeftHandMiddle4
                        } // End of Armature_mixamorig_LeftHandMiddle3
                      } // End of Armature_mixamorig_LeftHandMiddle2
                    } // End of Armature_mixamorig_LeftHandMiddle1
                    Frame Armature_mixamorig_LeftHandPinky1 {
                      FrameTransformMatrix {
                         0.885457,-0.376568, 0.272327, 0.000000,
                        -0.275709, 0.046055, 0.960137, 0.000000,
                        -0.374099,-0.925243,-0.063044, 0.000000,
                         4.712704, 8.985511,-0.221598, 1.000000;;
                      }
                      Frame Armature_mixamorig_LeftHandPinky2 {
                        FrameTransformMatrix {
                           1.000000,-0.000173,-0.000076, 0.000000,
                           0.000156, 0.528034, 0.849223, 0.000000,
                          -0.000107,-0.849223, 0.528034, 0.000000,
                           0.000003, 3.562499, 0.000004, 1.000000;;
                        }
                        Frame Armature_mixamorig_LeftHandPinky3 {
                          FrameTransformMatrix {
                             1.000000,-0.000014,-0.000058, 0.000000,
                             0.000039, 0.896508, 0.443027, 0.000000,
                             0.000046,-0.443027, 0.896508, 0.000000,
                             0.000007, 2.335198,-0.000001, 1.000000;;
                          }
                          Frame Armature_mixamorig_LeftHandPinky4 {
                            FrameTransformMatrix {
                               1.000000, 0.000000,-0.000000, 0.000000,
                               0.000000, 1.000000,-0.000000, 0.000000,
                              -0.000000, 0.000000, 1.000000, 0.000000,
                              -0.000001, 2.037286,-0.000005, 1.000000;;
                            }
                          } // End of Armature_mixamorig_LeftHandPinky4
                        } // End of Armature_mixamorig_LeftHandPinky3
                      } // End of Armature_mixamorig_LeftHandPinky2
                    } // End of Armature_mixamorig_LeftHandPinky1
                    Frame Armature_mixamorig_LeftHandRing1 {
                      FrameTransformMatrix {
                         0.913874,-0.392623, 0.103354, 0.000000,
                        -0.110605, 0.004176, 0.993856, 0.000000,
                        -0.390642,-0.919690,-0.039610, 0.000000,
                         2.241702, 9.308409,-0.143489, 1.000000;;
                      }
                      Frame Armature_mixamorig_LeftHandRing2 {
                        FrameTransformMatrix {
                           0.999858,-0.016821,-0.000123, 0.000000,
                           0.010681, 0.629189, 0.777179, 0.000000,
                          -0.012995,-0.777071, 0.629279, 0.000000,
                           0.000002, 4.019392,-0.000005, 1.000000;;
                        }
                        Frame Armature_mixamorig_LeftHandRing3 {
                          FrameTransformMatrix {
                             0.982372,-0.146133,-0.116577, 0.000000,
                             0.186904, 0.756278, 0.626985, 0.000000,
                            -0.003458,-0.637721, 0.770260, 0.000000,
                            -0.000004, 2.790798, 0.000000, 1.000000;;
                          }
                          Frame Armature_mixamorig_LeftHandRing4 {
                            FrameTransformMatrix {
                               1.000000,-0.000000, 0.000000, 0.000000,
                              -0.000000, 1.000000, 0.000000, 0.000000,
                               0.000000,-0.000000, 1.000000, 0.000000,
                              -0.000005, 2.540694,-0.000012, 1.000000;;
                            }
                          } // End of Armature_mixamorig_LeftHandRing4
                        } // End of Armature_mixamorig_LeftHandRing3
                      } // End of Armature_mixamorig_LeftHandRing2
                    } // End of Armature_mixamorig_LeftHandRing1
                    Frame Armature_mixamorig_LeftHandThumb1 {
                      FrameTransformMatrix {
                         0.863207, 0.480742, 0.154146, 0.000000,
                        -0.490636, 0.726896, 0.480520, 0.000000,
                         0.118958,-0.490417, 0.863330, 0.000000,
                        -2.370404, 3.545606, 1.908204, 1.000000;;
                      }
                      Frame Armature_mixamorig_LeftHandThumb2 {
                        FrameTransformMatrix {
                           0.784905,-0.564330,-0.255843, 0.000000,
                           0.608401, 0.780135, 0.145729, 0.000000,
                           0.117353,-0.270038, 0.955671, 0.000000,
                           0.000005, 2.808398,-0.000002, 1.000000;;
                        }
                        Frame Armature_mixamorig_LeftHandThumb3 {
                          FrameTransformMatrix {
                             0.331088,-0.274571,-0.902769, 0.000000,
                             0.851866, 0.498459, 0.160817, 0.000000,
                             0.405838,-0.822283, 0.398931, 0.000000,
                            -0.000002, 2.379000,-0.000004, 1.000000;;
                          }
                          Frame Armature_mixamorig_LeftHandThumb4 {
                            FrameTransformMatrix {
                               1.000000,-0.000000, 0.000000, 0.000000,
                              -0.000000, 1.000000, 0.000000, 0.000000,
                               0.000000,-0.000000, 1.000000, 0.000000,
                               0.000000, 2.445009, 0.000002, 1.000000;;
                            }
                          } // End of Armature_mixamorig_LeftHandThumb4
                        } // End of Armature_mixamorig_LeftHandThumb3
                      } // End of Armature_mixamorig_LeftHandThumb2
                    } // End of Armature_mixamorig_LeftHandThumb1
                  } // End of Armature_mixamorig_LeftHand
                  Frame Armature_mixamorig_Shield_joint {
                    FrameTransformMatrix {
                      -0.000000, 1.000000,-0.000000, 0.000000,
                       0.000000,-0.000000,-1.000000, 0.000000,
                      -1.000000, 0.000000,-0.000000, 0.000000,
                       0.398213,14.663404,-5.648609, 1.000000;;
                    }
                  } // End of Armature_mixamorig_Shield_joint
                } // End of Armature_mixamorig_LeftForeArm
              } // End of Armature_mixamorig_LeftArm
            } // End of Armature_mixamorig_LeftShoulder
            Frame Armature_mixamorig_Neck {
              FrameTransformMatrix {
                 0.998708, 0.009177,-0.049986, 0.000000,
                -0.021030, 0.970028,-0.242083, 0.000000,
                 0.046266, 0.242821, 0.968967, 0.000000,
                 0.024399,15.862309,-1.675796, 1.000000;;
              }
              Frame Armature_mixamorig_Head {
                FrameTransformMatrix {
                   0.989991,-0.084715,-0.112880, 0.000000,
                   0.053335, 0.965070,-0.256507, 0.000000,
                   0.130667, 0.247919, 0.959928, 0.000000,
                   0.000001, 5.563997, 0.988100, 1.000000;;
                }
                Frame Armature_mixamorig_HeadTop_End {
                  FrameTransformMatrix {
                     1.000000, 0.000000,-0.000000, 0.000000,
                    -0.000000, 1.000000,-0.000000, 0.000000,
                    -0.000000, 0.000000, 1.000000, 0.000000,
                    -0.000000,18.311918, 3.086898, 1.000000;;
                  }
                } // End of Armature_mixamorig_HeadTop_End
                Frame Armature_mixamorig_LeftEye {
                  FrameTransformMatrix {
                    -0.000000, 0.000000,-1.000000, 0.000000,
                     1.000000,-0.000000,-0.000000, 0.000000,
                    -0.000000,-1.000000, 0.000000, 0.000000,
                     2.284400, 7.935702, 7.063697, 1.000000;;
                  }
                } // End of Armature_mixamorig_LeftEye
                Frame Armature_mixamorig_RightEye {
                  FrameTransformMatrix {
                     0.000000,-0.000000, 1.000000, 0.000000,
                    -1.000000, 0.000000,-0.000000, 0.000000,
                    -0.000000,-1.000000, 0.000000, 0.000000,
                    -2.377502, 7.935715, 7.063700, 1.000000;;
                  }
                } // End of Armature_mixamorig_RightEye
              } // End of Armature_mixamorig_Head
            } // End of Armature_mixamorig_Neck
            Frame Armature_mixamorig_RightShoulder {
              FrameTransformMatrix {
                 0.447383,-0.218392, 0.867268, 0.000000,
                -0.854730, 0.181000, 0.486494, 0.000000,
                -0.263222,-0.958929,-0.105690, 0.000000,
                -5.979202,13.670212,-1.662597, 1.000000;;
              }
              Frame Armature_mixamorig_RightArm {
                FrameTransformMatrix {
                   0.699438,-0.398250,-0.593451, 0.000000,
                   0.698541, 0.205402, 0.685457, 0.000000,
                  -0.151087,-0.893984, 0.421859, 0.000000,
                   0.000004,12.607893,-0.000006, 1.000000;;
                }
                Frame Armature_mixamorig_RightForeArm {
                  FrameTransformMatrix {
                     0.532697,-0.846306, 0.000005, 0.000000,
                     0.826068, 0.519957,-0.217387, 0.000000,
                     0.183974, 0.115805, 0.976086, 0.000000,
                     0.000001,25.574299,-0.000002, 1.000000;;
                  }
                  Frame Armature_mixamorig_RightHand {
                    FrameTransformMatrix {
                       0.822550,-0.252887,-0.509372, 0.000000,
                       0.287630, 0.957678,-0.010984, 0.000000,
                       0.490592,-0.137476, 0.860476, 0.000000,
                       0.000010,21.603508,-0.000004, 1.000000;;
                    }
                    Frame Armature_mixamorig_RightHandIndex1 {
                      FrameTransformMatrix {
                         0.955901, 0.006786, 0.293609, 0.000000,
                        -0.160770, 0.848726, 0.503802, 0.000000,
                        -0.245775,-0.528789, 0.812390, 0.000000,
                         2.341901, 9.909595,-0.291402, 1.000000;;
                      }
                      Frame Armature_mixamorig_RightHandIndex2 {
                        FrameTransformMatrix {
                           0.999981, 0.004726,-0.003921, 0.000000,
                           0.005446,-0.387697, 0.921771, 0.000000,
                           0.002836,-0.921775,-0.387715, 0.000000,
                          -0.000000, 3.776700, 0.000009, 1.000000;;
                        }
                        Frame Armature_mixamorig_RightHandIndex3 {
                          FrameTransformMatrix {
                             0.999427, 0.020332, 0.027057, 0.000000,
                            -0.031854, 0.835205, 0.549015, 0.000000,
                            -0.011436,-0.549563, 0.835374, 0.000000,
                            -0.000004, 2.543003, 0.000000, 1.000000;;
                          }
                          Frame Armature_mixamorig_RightHandIndex4 {
                            FrameTransformMatrix {
                               1.000000, 0.000000,-0.000000, 0.000000,
                              -0.000000, 1.000000, 0.000000, 0.000000,
                               0.000000,-0.000000, 1.000000, 0.000000,
                               0.000001, 2.529011, 0.000001, 1.000000;;
                            }
                          } // End of Armature_mixamorig_RightHandIndex4
                        } // End of Armature_mixamorig_RightHandIndex3
                      } // End of Armature_mixamorig_RightHandIndex2
                    } // End of Armature_mixamorig_RightHandIndex1
                    Frame Armature_mixamorig_RightHandMiddle1 {
                      FrameTransformMatrix {
                         0.983382, 0.087532, 0.159056, 0.000000,
                        -0.136687,-0.219644, 0.965957, 0.000000,
                         0.119488,-0.971645,-0.204029, 0.000000,
                        -0.000004, 9.700595,-0.000004, 1.000000;;
                      }
                      Frame Armature_mixamorig_RightHandMiddle2 {
                        FrameTransformMatrix {
                           1.000000, 0.000112, 0.000130, 0.000000,
                          -0.000168, 0.484527, 0.874776, 0.000000,
                           0.000035,-0.874776, 0.484527, 0.000000,
                           0.000006, 4.014600,-0.000001, 1.000000;;
                        }
                        Frame Armature_mixamorig_RightHandMiddle3 {
                          FrameTransformMatrix {
                             0.999449,-0.006175, 0.032617, 0.000000,
                            -0.011750, 0.853137, 0.521555, 0.000000,
                            -0.031048,-0.521651, 0.852594, 0.000000,
                             0.000009, 2.996702, 0.000001, 1.000000;;
                          }
                          Frame Armature_mixamorig_RightHandMiddle4 {
                            FrameTransformMatrix {
                               1.000000, 0.000000, 0.000000, 0.000000,
                               0.000000, 1.000000,-0.000000, 0.000000,
                               0.000000,-0.000000, 1.000000, 0.000000,
                               0.000001, 2.824988, 0.000004, 1.000000;;
                            }
                          } // End of Armature_mixamorig_RightHandMiddle4
                        } // End of Armature_mixamorig_RightHandMiddle3
                      } // End of Armature_mixamorig_RightHandMiddle2
                    } // End of Armature_mixamorig_RightHandMiddle1
                    Frame Armature_mixamorig_RightHandPinky1 {
                      FrameTransformMatrix {
                         0.949487, 0.294604, 0.108088, 0.000000,
                        -0.070055,-0.136751, 0.988125, 0.000000,
                         0.305887,-0.945784,-0.109205, 0.000000,
                        -4.712798, 8.985296,-0.221704, 1.000000;;
                      }
                      Frame Armature_mixamorig_RightHandPinky2 {
                        FrameTransformMatrix {
                           1.000000, 0.000098, 0.000058, 0.000000,
                          -0.000111, 0.721207, 0.692719, 0.000000,
                           0.000026,-0.692719, 0.721207, 0.000000,
                           0.000002, 3.562500,-0.000001, 1.000000;;
                        }
                        Frame Armature_mixamorig_RightHandPinky3 {
                          FrameTransformMatrix {
                             1.000000, 0.000217, 0.000077, 0.000000,
                            -0.000181, 0.533547, 0.845770, 0.000000,
                             0.000142,-0.845770, 0.533547, 0.000000,
                             0.000001, 2.335201, 0.000002, 1.000000;;
                          }
                          Frame Armature_mixamorig_RightHandPinky4 {
                            FrameTransformMatrix {
                               1.000000, 0.000000,-0.000000, 0.000000,
                               0.000000, 1.000000,-0.000000, 0.000000,
                               0.000000, 0.000000, 1.000000, 0.000000,
                               0.000010, 2.037298,-0.000007, 1.000000;;
                            }
                          } // End of Armature_mixamorig_RightHandPinky4
                        } // End of Armature_mixamorig_RightHandPinky3
                      } // End of Armature_mixamorig_RightHandPinky2
                    } // End of Armature_mixamorig_RightHandPinky1
                    Frame Armature_mixamorig_RightHandRing1 {
                      FrameTransformMatrix {
                         0.983271, 0.155078, 0.095547, 0.000000,
                        -0.046354,-0.294245, 0.954605, 0.000000,
                         0.176152,-0.943064,-0.282134, 0.000000,
                        -2.241698, 9.308301,-0.143598, 1.000000;;
                      }
                      Frame Armature_mixamorig_RightHandRing2 {
                        FrameTransformMatrix {
                           0.999955,-0.000067, 0.009500, 0.000000,
                          -0.006215, 0.751682, 0.659496, 0.000000,
                          -0.007185,-0.659525, 0.751648, 0.000000,
                           0.000006, 4.019391, 0.000004, 1.000000;;
                        }
                        Frame Armature_mixamorig_RightHandRing3 {
                          FrameTransformMatrix {
                             0.999808,-0.014821, 0.012804, 0.000000,
                            -0.000667, 0.627594, 0.778541, 0.000000,
                            -0.019574,-0.778400, 0.627464, 0.000000,
                            -0.000003, 2.790808,-0.000000, 1.000000;;
                          }
                          Frame Armature_mixamorig_RightHandRing4 {
                            FrameTransformMatrix {
                               1.000000, 0.000000, 0.000000, 0.000000,
                               0.000000, 1.000000, 0.000000, 0.000000,
                               0.000000, 0.000000, 1.000000, 0.000000,
                              -0.000008, 2.540698, 0.000004, 1.000000;;
                            }
                          } // End of Armature_mixamorig_RightHandRing4
                        } // End of Armature_mixamorig_RightHandRing3
                      } // End of Armature_mixamorig_RightHandRing2
                    } // End of Armature_mixamorig_RightHandRing1
                    Frame Armature_mixamorig_RightHandThumb1 {
                      FrameTransformMatrix {
                         0.805908,-0.535843, 0.251765, 0.000000,
                         0.435422, 0.824585, 0.361201, 0.000000,
                        -0.401149,-0.181471, 0.897857, 0.000000,
                         2.370397, 3.545500, 1.908097, 1.000000;;
                      }
                      Frame Armature_mixamorig_RightHandThumb2 {
                        FrameTransformMatrix {
                           0.713099, 0.676888,-0.182516, 0.000000,
                          -0.613160, 0.728398, 0.305731, 0.000000,
                           0.339890,-0.106105, 0.934461, 0.000000,
                           0.000004, 2.808399,-0.000003, 1.000000;;
                        }
                        Frame Armature_mixamorig_RightHandThumb3 {
                          FrameTransformMatrix {
                             0.604596, 0.782570, 0.148485, 0.000000,
                            -0.796392, 0.597399, 0.094208, 0.000000,
                            -0.014980,-0.175210, 0.984417, 0.000000,
                             0.000004, 2.379002,-0.000004, 1.000000;;
                          }
                          Frame Armature_mixamorig_RightHandThumb4 {
                            FrameTransformMatrix {
                               1.000000, 0.000000, 0.000000, 0.000000,
                              -0.000000, 1.000000,-0.000000, 0.000000,
                              -0.000000, 0.000000, 1.000000, 0.000000,
                               0.000003, 2.445006, 0.000005, 1.000000;;
                            }
                          } // End of Armature_mixamorig_RightHandThumb4
                        } // End of Armature_mixamorig_RightHandThumb3
                      } // End of Armature_mixamorig_RightHandThumb2
                    } // End of Armature_mixamorig_RightHandThumb1
                    Frame Armature_mixamorig_Sword_joint {
                      FrameTransformMatrix {
                        -0.000000,-1.000000,-0.000000, 0.000000,
                         0.000000, 0.000000,-1.000000, 0.000000,
                         1.000000, 0.000000,-0.000000, 0.000000,
                        -0.770194, 7.959994, 2.820796, 1.000000;;
                      }
                    } // End of Armature_mixamorig_Sword_joint
                  } // End of Armature_mixamorig_RightHand
                } // End of Armature_mixamorig_RightForeArm
              } // End of Armature_mixamorig_RightArm
            } // End of Armature_mixamorig_RightShoulder
          } // End of Armature_mixamorig_Spine2
        } // End of Armature_mixamorig_Spine1
      } // End of Armature_mixamorig_Spine
    } // End of Armature_mixamorig_Hips
  } // End of Armature
} // End of Root
AnimationSet Global {
  Animation {
    {Armature}
    AnimationKey { // Rotation
      0;
      26;
      0;4;-0.707107, 0.707107, 0.000000, 0.000000;;,
      1;4;-0.707107, 0.707107, 0.000000, 0.000000;;,
      2;4;-0.707107, 0.707107, 0.000000, 0.000000;;,
      3;4;-0.707107, 0.707107, 0.000000, 0.000000;;,
      4;4;-0.707107, 0.707107, 0.000000, 0.000000;;,
      5;4;-0.707107, 0.707107, 0.000000, 0.000000;;,
      6;4;-0.707107, 0.707107, 0.000000, 0.000000;;,
      7;4;-0.707107, 0.707107, 0.000000, 0.000000;;,
      8;4;-0.707107, 0.707107, 0.000000, 0.000000;;,
      9;4;-0.707107, 0.707107, 0.000000, 0.000000;;,
      10;4;-0.707107, 0.707107, 0.000000, 0.000000;;,
      11;4;-0.707107, 0.707107, 0.000000, 0.000000;;,
      12;4;-0.707107, 0.707107, 0.000000, 0.000000;;,
      13;4;-0.707107, 0.707107, 0.000000, 0.000000;;,
      14;4;-0.707107, 0.707107, 0.000000, 0.000000;;,
      15;4;-0.707107, 0.707107, 0.000000, 0.000000;;,
      16;4;-0.707107, 0.707107, 0.000000, 0.000000;;,
      17;4;-0.707107, 0.707107, 0.000000, 0.000000;;,
      18;4;-0.707107, 0.707107, 0.000000, 0.000000;;,
      19;4;-0.707107, 0.707107, 0.000000, 0.000000;;,
      20;4;-0.707107, 0.707107, 0.000000, 0.000000;;,
      21;4;-0.707107, 0.707107, 0.000000, 0.000000;;,
      22;4;-0.707107, 0.707107, 0.000000, 0.000000;;,
      23;4;-0.707107, 0.707107, 0.000000, 0.000000;;,
      24;4;-0.707107, 0.707107, 0.000000, 0.000000;;,
      25;4;-0.707107, 0.707107, 0.000000, 0.000000;;;
    }
    AnimationKey { // Scale
      1;
      26;
      0;3; 0.010000, 0.010000, 0.010000;;,
      1;3; 0.010000, 0.010000, 0.010000;;,
      2;3; 0.010000, 0.010000, 0.010000;;,
      3;3; 0.010000, 0.010000, 0.010000;;,
      4;3; 0.010000, 0.010000, 0.010000;;,
      5;3; 0.010000, 0.010000, 0.010000;;,
      6;3; 0.010000, 0.010000, 0.010000;;,
      7;3; 0.010000, 0.010000, 0.010000;;,
      8;3; 0.010000, 0.010000, 0.010000;;,
      9;3; 0.010000, 0.010000, 0.010000;;,
      10;3; 0.010000, 0.010000, 0.010000;;,
      11;3; 0.010000, 0.010000, 0.010000;;,
      12;3; 0.010000, 0.010000, 0.010000;;,
      13;3; 0.010000, 0.010000, 0.010000;;,
      14;3; 0.010000, 0.010000, 0.010000;;,
      15;3; 0.010000, 0.010000, 0.010000;;,
      16;3; 0.010000, 0.010000, 0.010000;;,
      17;3; 0.010000, 0.010000, 0.010000;;,
      18;3; 0.010000, 0.010000, 0.010000;;,
      19;3; 0.010000, 0.010000, 0.010000;;,
      20;3; 0.010000, 0.010000, 0.010000;;,
      21;3; 0.010000, 0.010000, 0.010000;;,
      22;3; 0.010000, 0.010000, 0.010000;;,
      23;3; 0.010000, 0.010000, 0.010000;;,
      24;3; 0.010000, 0.010000, 0.010000;;,
      25;3; 0.010000, 0.010000, 0.010000;;;
    }
    AnimationKey { // Position
      2;
      26;
      0;3; 0.000000, 0.000000, 0.000000;;,
      1;3; 0.000000, 0.000000, 0.000000;;,
      2;3; 0.000000, 0.000000, 0.000000;;,
      3;3; 0.000000, 0.000000, 0.000000;;,
      4;3; 0.000000, 0.000000, 0.000000;;,
      5;3; 0.000000, 0.000000, 0.000000;;,
      6;3; 0.000000, 0.000000, 0.000000;;,
      7;3; 0.000000, 0.000000, 0.000000;;,
      8;3; 0.000000, 0.000000, 0.000000;;,
      9;3; 0.000000, 0.000000, 0.000000;;,
      10;3; 0.000000, 0.000000, 0.000000;;,
      11;3; 0.000000, 0.000000, 0.000000;;,
      12;3; 0.000000, 0.000000, 0.000000;;,
      13;3; 0.000000, 0.000000, 0.000000;;,
      14;3; 0.000000, 0.000000, 0.000000;;,
      15;3; 0.000000, 0.000000, 0.000000;;,
      16;3; 0.000000, 0.000000, 0.000000;;,
      17;3; 0.000000, 0.000000, 0.000000;;,
      18;3; 0.000000, 0.000000, 0.000000;;,
      19;3; 0.000000, 0.000000, 0.000000;;,
      20;3; 0.000000, 0.000000, 0.000000;;,
      21;3; 0.000000, 0.000000, 0.000000;;,
      22;3; 0.000000, 0.000000, 0.000000;;,
      23;3; 0.000000, 0.000000, 0.000000;;,
      24;3; 0.000000, 0.000000, 0.000000;;,
      25;3; 0.000000, 0.000000, 0.000000;;;
    }
  }
  Animation {
    {Armature_mixamorig_Hips}
    AnimationKey { // Rotation
      0;
      26;
      0;4;-0.989947, 0.043450,-0.134516,-0.004764;;,
      1;4;-0.995158, 0.046988,-0.086192,-0.004931;;,
      2;4;-0.997596, 0.050485,-0.047162,-0.005445;;,
      3;4;-0.998480, 0.053285,-0.012359,-0.006684;;,
      4;4;-0.998306, 0.054239, 0.019112,-0.008885;;,
      5;4;-0.997311, 0.053335, 0.048902,-0.011612;;,
      6;4;-0.995463, 0.051566, 0.078707,-0.014107;;,
      7;4;-0.992557, 0.050148, 0.109963,-0.014955;;,
      8;4;-0.988340, 0.049766, 0.143223,-0.013968;;,
      9;4;-0.982637, 0.050237, 0.178192,-0.012193;;,
      10;4;-0.975470, 0.050729, 0.213970,-0.010113;;,
      11;4;-0.967369, 0.050095, 0.248241,-0.008057;;,
      12;4;-0.959504, 0.047778, 0.277527,-0.006892;;,
      13;4;-0.952916, 0.044796, 0.299828,-0.006918;;,
      14;4;-0.947381, 0.042549, 0.317176,-0.007689;;,
      15;4;-0.941505, 0.041015, 0.334375,-0.008868;;,
      16;4;-0.934142, 0.039365, 0.354588,-0.009851;;,
      17;4;-0.925428, 0.036815, 0.376985,-0.010508;;,
      18;4;-0.916398, 0.032679, 0.398772,-0.011307;;,
      19;4;-0.907391, 0.026876, 0.419240,-0.012550;;,
      20;4;-0.896946, 0.020592, 0.441426,-0.014364;;,
      21;4;-0.882501, 0.015723, 0.469726,-0.017386;;,
      22;4;-0.862653, 0.014064, 0.505134,-0.021717;;,
      23;4;-0.838737, 0.016167, 0.543646,-0.026606;;,
      24;4;-0.813791, 0.021065, 0.579947,-0.031014;;,
      25;4;-0.792605, 0.027218, 0.608166,-0.034201;;;
    }
    AnimationKey { // Scale
      1;
      26;
      0;3; 1.000000, 1.000000, 1.000000;;,
      1;3; 1.000000, 1.000000, 1.000000;;,
      2;3; 1.000000, 1.000000, 1.000000;;,
      3;3; 1.000000, 1.000000, 1.000000;;,
      4;3; 1.000000, 1.000000, 1.000000;;,
      5;3; 1.000000, 1.000000, 1.000000;;,
      6;3; 1.000000, 1.000000, 1.000000;;,
      7;3; 1.000000, 1.000000, 1.000000;;,
      8;3; 1.000000, 1.000000, 1.000000;;,
      9;3; 1.000000, 1.000000, 1.000000;;,
      10;3; 1.000000, 1.000000, 1.000000;;,
      11;3; 1.000000, 1.000000, 1.000000;;,
      12;3; 1.000000, 1.000000, 1.000000;;,
      13;3; 1.000000, 1.000000, 1.000000;;,
      14;3; 1.000000, 1.000000, 1.000000;;,
      15;3; 1.000000, 1.000000, 1.000000;;,
      16;3; 1.000000, 1.000000, 1.000000;;,
      17;3; 1.000000, 1.000000, 1.000000;;,
      18;3; 1.000000, 1.000000, 1.000000;;,
      19;3; 1.000000, 1.000000, 1.000000;;,
      20;3; 1.000000, 1.000000, 1.000000;;,
      21;3; 1.000000, 1.000000, 1.000000;;,
      22;3; 1.000000, 1.000000, 1.000000;;,
      23;3; 1.000000, 1.000000, 1.000000;;,
      24;3; 1.000000, 1.000000, 1.000000;;,
      25;3; 1.000000, 1.000000, 1.000000;;;
    }
    AnimationKey { // Position
      2;
      26;
      0;3; 0.217824,90.297104,-0.805628;;,
      1;3;-2.211933,90.520172,-2.641472;;,
      2;3;-4.449121,90.914604,-4.528860;;,
      3;3;-6.494177,91.343231,-6.362098;;,
      4;3;-8.272656,91.679314,-7.985502;;,
      5;3;-9.724030,91.819092,-9.270299;;,
      6;3;-10.735767,91.780510,-10.150711;;,
      7;3;-11.272659,91.756058,-10.657680;;,
      8;3;-11.353672,91.869255,-10.853598;;,
      9;3;-10.985547,92.032242,-10.873906;;,
      10;3;-10.333490,92.070396,-10.778324;;,
      11;3;-9.592941,91.892136,-10.603936;;,
      12;3;-8.902812,91.547142,-10.365438;;,
      13;3;-8.373123,91.128357,-9.987773;;,
      14;3;-8.057621,90.729279,-9.414976;;,
      15;3;-7.945837,90.460098,-8.675858;;,
      16;3;-8.036971,90.310356,-7.808598;;,
      17;3;-8.322103,90.171951,-6.787198;;,
      18;3;-8.721420,89.967728,-5.524515;;,
      19;3;-9.153303,89.700233,-3.935761;;,
      20;3;-9.591196,89.438080,-1.949668;;,
      21;3;-10.007780,89.287247, 0.322436;;,
      22;3;-10.422106,89.312210, 2.723312;;,
      23;3;-10.842547,89.509987, 5.097474;;,
      24;3;-11.240818,89.837227, 7.334880;;,
      25;3;-11.531845,90.297501, 9.321338;;;
    }
  }
  Animation {
    {Armature_mixamorig_Spine}
    AnimationKey { // Rotation
      0;
      26;
      0;4;-0.988235, 0.148099, 0.037648, 0.006401;;,
      1;4;-0.988614, 0.146511, 0.034139,-0.003489;;,
      2;4;-0.987866, 0.149758, 0.038527,-0.014483;;,
      3;4;-0.986635, 0.154331, 0.046350,-0.024177;;,
      4;4;-0.985418, 0.157192, 0.056269,-0.032802;;,
      5;4;-0.984641, 0.156684, 0.066087,-0.039544;;,
      6;4;-0.984549, 0.151990, 0.075732,-0.042733;;,
      7;4;-0.984932, 0.144670, 0.084812,-0.042265;;,
      8;4;-0.985488, 0.137108, 0.092420,-0.038378;;,
      9;4;-0.986061, 0.131494, 0.097115,-0.031002;;,
      10;4;-0.986536, 0.129345, 0.097862,-0.020956;;,
      11;4;-0.986670, 0.130773, 0.096374,-0.009595;;,
      12;4;-0.986156, 0.135076, 0.096167, 0.001826;;,
