xof 0303txt 0032

template XSkinMeshHeader {
  <3cf169ce-ff7c-44ab-93c0-f78f62d172e2>
  WORD nMaxSkinWeightsPerVertex;
  WORD nMaxSkinWeightsPerFace;
  WORD nBones;
}

template SkinWeights {
  <6f0d123b-bad2-4167-a0d0-80224f25fabb>
  STRING transformNodeName;
  DWORD nWeights;
  array DWORD vertexIndices[nWeights];
  array float weights[nWeights];
  Matrix4x4 matrixOffset;
}

Frame Root {
  FrameTransformMatrix {
     1.000000, 0.000000, 0.000000, 0.000000,
     0.000000,-0.000000,-1.000000, 0.000000,
     0.000000, 1.000000,-0.000000, 0.000000,
     0.000000, 0.000000, 0.000000, 1.000000;;
  }
  Frame Armature {
    FrameTransformMatrix {
       0.010000, 0.000000, 0.000000, 0.000000,
       0.000000,-0.000000, 0.010000, 0.000000,
       0.000000,-0.010000,-0.000000, 0.000000,
       0.000000, 0.000000, 0.000000, 1.000000;;
    }
    Frame Armature_mixamorig_Hips {
      FrameTransformMatrix {
         0.391302,-0.023662, 0.919958, 0.000000,
        -0.172209, 0.980128, 0.098458, 0.000000,
        -0.904006,-0.196952, 0.379451, 0.000000,
         0.018706,69.143715,-0.088916, 1.000000;;
      }
      Frame Armature_mixamorig_LeftUpLeg {
        FrameTransformMatrix {
          -0.824905,-0.310955, 0.472031, 0.000000,
           0.559239,-0.327251, 0.761636, 0.000000,
          -0.082367, 0.892308, 0.443820, 0.000000,
           9.789099,-5.875897,-0.583701, 1.000000;;
        }
        Frame Armature_mixamorig_LeftLeg {
          FrameTransformMatrix {
             0.944913,-0.318174,-0.076846, 0.000000,
            -0.015282, 0.191633,-0.981348, 0.000000,
             0.326966, 0.928462, 0.176214, 0.000000,
            -0.000002,41.702000,-0.000002, 1.000000;;
          }
          Frame Armature_mixamorig_LeftFoot {
            FrameTransformMatrix {
               0.953880,-0.268974,-0.133292, 0.000000,
               0.196792, 0.224999, 0.954279, 0.000000,
              -0.226685,-0.936498, 0.267554, 0.000000,
              -0.000001,36.981033, 0.000000, 1.000000;;
            }
            Frame Armature_mixamorig_LeftToeBase {
              FrameTransformMatrix {
                 0.992795, 0.026538,-0.116853, 0.000000,
                 0.059069, 0.740066, 0.669935, 0.000000,
                 0.104257,-0.672010, 0.733166, 0.000000,
                -0.000002,16.700535,-0.000001, 1.000000;;
              }
              Frame Armature_mixamorig_LeftToe_End {
                FrameTransformMatrix {
                   1.000000,-0.000000,-0.000000, 0.000000,
                   0.000000, 1.000000, 0.000000, 0.000000,
                  -0.000000,-0.000000, 1.000000, 0.000000,
                   0.000002, 7.120426, 0.000000, 1.000000;;
                }
              } // End of Armature_mixamorig_LeftToe_End
            } // End of Armature_mixamorig_LeftToeBase
          } // End of Armature_mixamorig_LeftFoot
        } // End of Armature_mixamorig_LeftLeg
      } // End of Armature_mixamorig_LeftUpLeg
      Frame Armature_mixamorig_RightUpLeg {
        FrameTransformMatrix {
          -0.589088, 0.603204,-0.537668, 0.000000,
          -0.752391,-0.652164, 0.092681, 0.000000,
          -0.294760, 0.459159, 0.837975, 0.000000,
          -9.857699,-5.875894,-0.583700, 1.000000;;
        }
        Frame Armature_mixamorig_RightLeg {
          FrameTransformMatrix {
             0.980697, 0.047466, 0.189685, 0.000000,
             0.034214, 0.913468,-0.405470, 0.000000,
            -0.192517, 0.404133, 0.894211, 0.000000,
            -0.000004,41.702003,-0.000001, 1.000000;;
          }
          Frame Armature_mixamorig_RightFoot {
            FrameTransformMatrix {
               0.769305, 0.630252, 0.104649, 0.000000,
              -0.421074, 0.376995, 0.824968, 0.000000,
               0.480486,-0.678717, 0.555407, 0.000000,
               0.000003,36.981030, 0.000002, 1.000000;;
            }
            Frame Armature_mixamorig_RightToeBase {
              FrameTransformMatrix {
                 0.968858, 0.219057,-0.115448, 0.000000,
                -0.077579, 0.711297, 0.698597, 0.000000,
                 0.235150,-0.667885, 0.706140, 0.000000,
                 0.000004,16.700537, 0.000001, 1.000000;;
              }
              Frame Armature_mixamorig_RightToe_End {
                FrameTransformMatrix {
                   1.000000, 0.000000, 0.000000, 0.000000,
                  -0.000000, 1.000000, 0.000000, 0.000000,
                  -0.000000,-0.000000, 1.000000, 0.000000,
                   0.000003, 7.120427, 0.000001, 1.000000;;
                }
              } // End of Armature_mixamorig_RightToe_End
            } // End of Armature_mixamorig_RightToeBase
          } // End of Armature_mixamorig_RightFoot
        } // End of Armature_mixamorig_RightLeg
      } // End of Armature_mixamorig_RightUpLeg
      Frame Armature_mixamorig_Spine {
        FrameTransformMatrix {
           0.951349,-0.151471,-0.268310, 0.000000,
           0.153787, 0.988025,-0.012495, 0.000000,
           0.266990,-0.029376, 0.963251, 0.000000,
           0.017300,10.574799,-1.117200, 1.000000;;
        }
        Frame Armature_mixamorig_Spine1 {
          FrameTransformMatrix {
             0.999041,-0.037436,-0.022720, 0.000000,
             0.040047, 0.990948, 0.128129, 0.000000,
             0.017718,-0.128916, 0.991497, 0.000000,
            -0.000002,12.405993,-0.000002, 1.000000;;
          }
          Frame Armature_mixamorig_Spine2 {
            FrameTransformMatrix {
               0.979208, 0.086231, 0.183617, 0.000000,
              -0.109224, 0.986865, 0.119026, 0.000000,
              -0.170941,-0.136606, 0.975765, 0.000000,
              -0.000002,14.178301,-0.000004, 1.000000;;
            }
            Frame Armature_mixamorig_LeftShoulder {
              FrameTransformMatrix {
                 0.212526, 0.034241,-0.976555, 0.000000,
                 0.958634, 0.186350, 0.215160, 0.000000,
                 0.189349,-0.981886, 0.006780, 0.000000,
                 5.934995,13.670209,-1.662601, 1.000000;;
              }
              Frame Armature_mixamorig_LeftArm {
                FrameTransformMatrix {
                   0.908321, 0.330337, 0.256574, 0.000000,
                  -0.329001, 0.943035,-0.049423, 0.000000,
                  -0.258285,-0.039521, 0.965260, 0.000000,
                   0.000003,12.607899, 0.000005, 1.000000;;
                }
                Frame Armature_mixamorig_LeftForeArm {
                  FrameTransformMatrix {
                    -0.147258, 0.210759, 0.966383, 0.000000,
                    -0.982775, 0.079125,-0.167012, 0.000000,
                    -0.111665,-0.974331, 0.195477, 0.000000,
                     0.000002,25.574306, 0.000008, 1.000000;;
                  }
                  Frame Armature_mixamorig_LeftHand {
                    FrameTransformMatrix {
                       0.999724,-0.015807,-0.017364, 0.000000,
                       0.016449, 0.999162, 0.037485, 0.000000,
                       0.016757,-0.037761, 0.999146, 0.000000,
                      -0.000002,21.603407,-0.000007, 1.000000;;
                    }
                    Frame Armature_mixamorig_LeftHandIndex1 {
                      FrameTransformMatrix {
                         0.988533, 0.138815, 0.059436, 0.000000,
                        -0.084417, 0.181665, 0.979730, 0.000000,
                         0.125204,-0.973513, 0.191300, 0.000000,
                        -2.341890, 9.909709,-0.291402, 1.000000;;
                      }
                      Frame Armature_mixamorig_LeftHandIndex2 {
                        FrameTransformMatrix {
                           0.997045, 0.076813, 0.000204, 0.000000,
                          -0.029563, 0.381273, 0.923990, 0.000000,
                           0.070897,-0.921266, 0.382417, 0.000000,
                          -0.000008, 3.776707, 0.000000, 1.000000;;
                        }
                        Frame Armature_mixamorig_LeftHandIndex3 {
                          FrameTransformMatrix {
                             0.999423,-0.011263,-0.032056, 0.000000,
                             0.033974, 0.344833, 0.938049, 0.000000,
                             0.000489,-0.938597, 0.345016, 0.000000,
                            -0.000007, 2.542994,-0.000004, 1.000000;;
                          }
                          Frame Armature_mixamorig_LeftHandIndex4 {
                            FrameTransformMatrix {
                               1.000000,-0.000000, 0.000000, 0.000000,
                              -0.000000, 1.000000,-0.000000, 0.000000,
                               0.000000, 0.000000, 1.000000, 0.000000,
                              -0.000001, 2.529098, 0.000000, 1.000000;;
                            }
                          } // End of Armature_mixamorig_LeftHandIndex4
                        } // End of Armature_mixamorig_LeftHandIndex3
                      } // End of Armature_mixamorig_LeftHandIndex2
                    } // End of Armature_mixamorig_LeftHandIndex1
                    Frame Armature_mixamorig_LeftHandMiddle1 {
                      FrameTransformMatrix {
                         0.994468,-0.037473, 0.098124, 0.000000,
                        -0.094033, 0.098625, 0.990672, 0.000000,
                        -0.046801,-0.994419, 0.094555, 0.000000,
                         0.000010, 9.700811,-0.000007, 1.000000;;
                      }
                      Frame Armature_mixamorig_LeftHandMiddle2 {
                        FrameTransformMatrix {
                           0.996315, 0.085762, 0.001375, 0.000000,
                          -0.020692, 0.224768, 0.974193, 0.000000,
                           0.083240,-0.970631, 0.225714, 0.000000,
                           0.000006, 4.014598,-0.000004, 1.000000;;
                        }
                        Frame Armature_mixamorig_LeftHandMiddle3 {
                          FrameTransformMatrix {
                             0.999626,-0.008659,-0.025933, 0.000000,
                             0.027272, 0.382832, 0.923415, 0.000000,
                             0.001933,-0.923777, 0.382925, 0.000000,
                             0.000003, 2.996711,-0.000004, 1.000000;;
                          }
                          Frame Armature_mixamorig_LeftHandMiddle4 {
                            FrameTransformMatrix {
                               1.000000,-0.000000, 0.000000, 0.000000,
                              -0.000000, 1.000000,-0.000000, 0.000000,
                               0.000000, 0.000000, 1.000000, 0.000000,
                              -0.000002, 2.824996, 0.000002, 1.000000;;
                            }
                          } // End of Armature_mixamorig_LeftHandMiddle4
                        } // End of Armature_mixamorig_LeftHandMiddle3
                      } // End of Armature_mixamorig_LeftHandMiddle2
                    } // End of Armature_mixamorig_LeftHandMiddle1
                    Frame Armature_mixamorig_LeftHandPinky1 {
                      FrameTransformMatrix {
                         0.977774,-0.142135, 0.154127, 0.000000,
                        -0.143666, 0.081198, 0.986290, 0.000000,
                        -0.152701,-0.986511, 0.058973, 0.000000,
                         4.712712, 8.985508,-0.221607, 1.000000;;
                      }
                      Frame Armature_mixamorig_LeftHandPinky2 {
                        FrameTransformMatrix {
                           0.999998, 0.001467, 0.001041, 0.000000,
                          -0.001396, 0.267872, 0.963453, 0.000000,
                           0.001134,-0.963453, 0.267874, 0.000000,
                          -0.000000, 3.562505,-0.000002, 1.000000;;
                        }
                        Frame Armature_mixamorig_LeftHandPinky3 {
                          FrameTransformMatrix {
                             0.999999, 0.001039, 0.000279, 0.000000,
                            -0.000902, 0.668834, 0.743411, 0.000000,
                             0.000586,-0.743411, 0.668835, 0.000000,
                            -0.000005, 2.335200,-0.000001, 1.000000;;
                          }
                          Frame Armature_mixamorig_LeftHandPinky4 {
                            FrameTransformMatrix {
                               1.000000, 0.000000, 0.000000, 0.000000,
                               0.000000, 1.000000,-0.000000, 0.000000,
                               0.000000, 0.000000, 1.000000, 0.000000,
                               0.000002, 2.037284,-0.000004, 1.000000;;
                            }
                          } // End of Armature_mixamorig_LeftHandPinky4
                        } // End of Armature_mixamorig_LeftHandPinky3
                      } // End of Armature_mixamorig_LeftHandPinky2
                    } // End of Armature_mixamorig_LeftHandPinky1
                    Frame Armature_mixamorig_LeftHandRing1 {
                      FrameTransformMatrix {
                         0.994608,-0.066308, 0.079738, 0.000000,
                        -0.078819, 0.016362, 0.996755, 0.000000,
                        -0.067397,-0.997665, 0.011047, 0.000000,
                         2.241712, 9.308406,-0.143495, 1.000000;;
                      }
                      Frame Armature_mixamorig_LeftHandRing2 {
                        FrameTransformMatrix {
                           0.999740, 0.011953, 0.019392, 0.000000,
                          -0.022712, 0.457622, 0.888857, 0.000000,
                           0.001750,-0.889066, 0.457775, 0.000000,
                          -0.000009, 4.019397, 0.000002, 1.000000;;
                        }
                        Frame Armature_mixamorig_LeftHandRing3 {
                          FrameTransformMatrix {
                             0.999789,-0.020446, 0.001853, 0.000000,
                             0.004417, 0.302387, 0.953175, 0.000000,
                            -0.020049,-0.952966, 0.302414, 0.000000,
                            -0.000010, 2.790809, 0.000004, 1.000000;;
                          }
                          Frame Armature_mixamorig_LeftHandRing4 {
                            FrameTransformMatrix {
                               1.000000, 0.000000,-0.000000, 0.000000,
                              -0.000000, 1.000000,-0.000000, 0.000000,
                               0.000000, 0.000000, 1.000000, 0.000000,
                              -0.000002, 2.540699, 0.000003, 1.000000;;
                            }
                          } // End of Armature_mixamorig_LeftHandRing4
                        } // End of Armature_mixamorig_LeftHandRing3
                      } // End of Armature_mixamorig_LeftHandRing2
                    } // End of Armature_mixamorig_LeftHandRing1
                    Frame Armature_mixamorig_LeftHandThumb1 {
                      FrameTransformMatrix {
                         0.857894, 0.512731, 0.033535, 0.000000,
                        -0.403426, 0.631711, 0.661958, 0.000000,
                         0.318222,-0.581419, 0.748790, 0.000000,
                        -2.370389, 3.545604, 1.908195, 1.000000;;
                      }
                      Frame Armature_mixamorig_LeftHandThumb2 {
                        FrameTransformMatrix {
                           0.926141,-0.310368,-0.214322, 0.000000,
                           0.307341, 0.950379,-0.048182, 0.000000,
                           0.218641,-0.021247, 0.975574, 0.000000,
                           0.000007, 2.808397, 0.000000, 1.000000;;
                        }
                        Frame Armature_mixamorig_LeftHandThumb3 {
                          FrameTransformMatrix {
                             0.589990, 0.025823,-0.806997, 0.000000,
                             0.431126, 0.835001, 0.341913, 0.000000,
                             0.682672,-0.549643, 0.481509, 0.000000,
                             0.000002, 2.378998, 0.000002, 1.000000;;
                          }
                          Frame Armature_mixamorig_LeftHandThumb4 {
                            FrameTransformMatrix {
                               1.000000, 0.000000, 0.000000, 0.000000,
                              -0.000000, 1.000000, 0.000000, 0.000000,
                               0.000000,-0.000000, 1.000000, 0.000000,
                              -0.000004, 2.445004, 0.000008, 1.000000;;
                            }
                          } // End of Armature_mixamorig_LeftHandThumb4
                        } // End of Armature_mixamorig_LeftHandThumb3
                      } // End of Armature_mixamorig_LeftHandThumb2
                    } // End of Armature_mixamorig_LeftHandThumb1
                  } // End of Armature_mixamorig_LeftHand
                  Frame Armature_mixamorig_Shield_joint {
                    FrameTransformMatrix {
                       0.000000, 1.000000,-0.000000, 0.000000,
                       0.000000,-0.000000,-1.000000, 0.000000,
                      -1.000000, 0.000000,-0.000000, 0.000000,
                       0.398202,14.663405,-5.648611, 1.000000;;
                    }
                  } // End of Armature_mixamorig_Shield_joint
                } // End of Armature_mixamorig_LeftForeArm
              } // End of Armature_mixamorig_LeftArm
            } // End of Armature_mixamorig_LeftShoulder
            Frame Armature_mixamorig_Neck {
              FrameTransformMatrix {
                 0.930003, 0.119203,-0.347685, 0.000000,
                -0.090413, 0.991076, 0.097947, 0.000000,
                 0.356258,-0.059656, 0.932481, 0.000000,
                 0.024397,15.862303,-1.675800, 1.000000;;
              }
              Frame Armature_mixamorig_Head {
                FrameTransformMatrix {
                   0.788030,-0.399859,-0.468104, 0.000000,
                   0.203130, 0.886655,-0.415429, 0.000000,
                   0.581159, 0.232284, 0.779934, 0.000000,
                  -0.000002, 5.563987, 0.988106, 1.000000;;
                }
                Frame Armature_mixamorig_HeadTop_End {
                  FrameTransformMatrix {
                     1.000000,-0.000000, 0.000000, 0.000000,
                     0.000000, 1.000000,-0.000000, 0.000000,
                    -0.000000, 0.000000, 1.000000, 0.000000,
                    -0.000002,18.311907, 3.086900, 1.000000;;
                  }
                } // End of Armature_mixamorig_HeadTop_End
                Frame Armature_mixamorig_LeftEye {
                  FrameTransformMatrix {
                    -0.000000, 0.000000,-1.000000, 0.000000,
                     1.000000,-0.000000,-0.000000, 0.000000,
                    -0.000000,-1.000000, 0.000000, 0.000000,
                     2.284399, 7.935708, 7.063701, 1.000000;;
                  }
                } // End of Armature_mixamorig_LeftEye
                Frame Armature_mixamorig_RightEye {
                  FrameTransformMatrix {
                     0.000000,-0.000000, 1.000000, 0.000000,
                    -1.000000, 0.000000,-0.000000, 0.000000,
                    -0.000000,-1.000000, 0.000000, 0.000000,
                    -2.377502, 7.935697, 7.063701, 1.000000;;
                  }
                } // End of Armature_mixamorig_RightEye
              } // End of Armature_mixamorig_Head
            } // End of Armature_mixamorig_Neck
            Frame Armature_mixamorig_RightShoulder {
              FrameTransformMatrix {
                -0.010861,-0.045940, 0.998885, 0.000000,
                -0.983430,-0.180290,-0.018985, 0.000000,
                 0.180961,-0.982540,-0.043221, 0.000000,
                -5.979203,13.670210,-1.662601, 1.000000;;
              }
              Frame Armature_mixamorig_RightArm {
                FrameTransformMatrix {
                   0.872967, 0.311848,-0.375074, 0.000000,
                   0.045684, 0.713289, 0.699380, 0.000000,
                   0.485636,-0.627670, 0.608431, 0.000000,
                  -0.000000,12.607898, 0.000000, 1.000000;;
                }
                Frame Armature_mixamorig_RightForeArm {
                  FrameTransformMatrix {
                     0.879384,-0.226924, 0.418556, 0.000000,
                     0.198279, 0.973798, 0.111369, 0.000000,
                    -0.432862,-0.014945, 0.901337, 0.000000,
                    -0.000000,25.574293,-0.000009, 1.000000;;
                  }
                  Frame Armature_mixamorig_RightHand {
                    FrameTransformMatrix {
                       0.999099,-0.042412, 0.001182, 0.000000,
                       0.042427, 0.998923,-0.018772, 0.000000,
                      -0.000384, 0.018805, 0.999823, 0.000000,
                      -0.000008,21.603504,-0.000007, 1.000000;;
                    }
                    Frame Armature_mixamorig_RightHandIndex1 {
                      FrameTransformMatrix {
                         0.998710, 0.049635,-0.010702, 0.000000,
                        -0.015189, 0.493151, 0.869811, 0.000000,
                         0.048451,-0.868527, 0.493268, 0.000000,
                         2.341904, 9.909597,-0.291408, 1.000000;;
                      }
                      Frame Armature_mixamorig_RightHandIndex2 {
                        FrameTransformMatrix {
                           0.997045,-0.076819, 0.000074, 0.000000,
                           0.029939, 0.389466, 0.920554, 0.000000,
                          -0.070745,-0.917832, 0.390615, 0.000000,
                          -0.000002, 3.776696,-0.000001, 1.000000;;
                        }
                        Frame Armature_mixamorig_RightHandIndex3 {
                          FrameTransformMatrix {
                             0.999417, 0.007271, 0.033364, 0.000000,
                            -0.032428, 0.508176, 0.860643, 0.000000,
                            -0.010697,-0.861223, 0.508115, 0.000000,
                            -0.000003, 2.542994,-0.000003, 1.000000;;
                          }
                          Frame Armature_mixamorig_RightHandIndex4 {
                            FrameTransformMatrix {
                               1.000000, 0.000000,-0.000000, 0.000000,
                               0.000000, 1.000000, 0.000000, 0.000000,
                              -0.000000, 0.000000, 1.000000, 0.000000,
                              -0.000001, 2.529004, 0.000002, 1.000000;;
                            }
                          } // End of Armature_mixamorig_RightHandIndex4
                        } // End of Armature_mixamorig_RightHandIndex3
                      } // End of Armature_mixamorig_RightHandIndex2
                    } // End of Armature_mixamorig_RightHandIndex1
                    Frame Armature_mixamorig_RightHandMiddle1 {
                      FrameTransformMatrix {
                         0.999831, 0.001082,-0.018362, 0.000000,
                         0.016719, 0.362806, 0.931715, 0.000000,
                         0.007670,-0.931864, 0.362726, 0.000000,
                         0.000002, 9.700603,-0.000005, 1.000000;;
                      }
                      Frame Armature_mixamorig_RightHandMiddle2 {
                        FrameTransformMatrix {
                           0.996324,-0.085651,-0.001540, 0.000000,
                           0.009464, 0.092191, 0.995696, 0.000000,
                          -0.085140,-0.992051, 0.092663, 0.000000,
                           0.000000, 4.014601, 0.000001, 1.000000;;
                        }
                        Frame Armature_mixamorig_RightHandMiddle3 {
                          FrameTransformMatrix {
                             0.999601, 0.023257, 0.016009, 0.000000,
                            -0.028215, 0.843873, 0.535801, 0.000000,
                            -0.001049,-0.536039, 0.844193, 0.000000,
                             0.000001, 2.996703,-0.000003, 1.000000;;
                          }
                          Frame Armature_mixamorig_RightHandMiddle4 {
                            FrameTransformMatrix {
                               1.000000, 0.000000, 0.000000, 0.000000,
                               0.000000, 1.000000, 0.000000, 0.000000,
                               0.000000, 0.000000, 1.000000, 0.000000,
                               0.000003, 2.824993, 0.000001, 1.000000;;
                            }
                          } // End of Armature_mixamorig_RightHandMiddle4
                        } // End of Armature_mixamorig_RightHandMiddle3
                      } // End of Armature_mixamorig_RightHandMiddle2
                    } // End of Armature_mixamorig_RightHandMiddle1
                    Frame Armature_mixamorig_RightHandPinky1 {
                      FrameTransformMatrix {
                         0.997949,-0.002075,-0.063985, 0.000000,
                         0.064005, 0.052359, 0.996575, 0.000000,
                         0.001283,-0.998626, 0.052384, 0.000000,
                        -4.712799, 8.985296,-0.221707, 1.000000;;
                      }
                      Frame Armature_mixamorig_RightHandPinky2 {
                        FrameTransformMatrix {
                           0.999999,-0.001202,-0.000529, 0.000000,
                           0.001126, 0.577260, 0.816560, 0.000000,
                          -0.000676,-0.816560, 0.577260, 0.000000,
                          -0.000003, 3.562492,-0.000005, 1.000000;;
                        }
                        Frame Armature_mixamorig_RightHandPinky3 {
                          FrameTransformMatrix {
                             1.000000,-0.000730,-0.000021, 0.000000,
                             0.000655, 0.884096, 0.467304, 0.000000,
                            -0.000322,-0.467304, 0.884097, 0.000000,
                             0.000000, 2.335204, 0.000001, 1.000000;;
                          }
                          Frame Armature_mixamorig_RightHandPinky4 {
                            FrameTransformMatrix {
                               1.000000,-0.000000,-0.000000, 0.000000,
                              -0.000000, 1.000000,-0.000000, 0.000000,
                              -0.000000, 0.000000, 1.000000, 0.000000,
                               0.000001, 2.037301, 0.000004, 1.000000;;
                            }
                          } // End of Armature_mixamorig_RightHandPinky4
                        } // End of Armature_mixamorig_RightHandPinky3
                      } // End of Armature_mixamorig_RightHandPinky2
                    } // End of Armature_mixamorig_RightHandPinky1
                    Frame Armature_mixamorig_RightHandRing1 {
                      FrameTransformMatrix {
                         0.996433, 0.081901, 0.020331, 0.000000,
                        -0.035087, 0.182997, 0.982487, 0.000000,
                         0.076746,-0.979696, 0.185218, 0.000000,
                        -2.241701, 9.308306,-0.143600, 1.000000;;
                      }
                      Frame Armature_mixamorig_RightHandRing2 {
                        FrameTransformMatrix {
                           0.999705,-0.020305,-0.013342, 0.000000,
                           0.018301, 0.268128, 0.963210, 0.000000,
                          -0.015980,-0.963169, 0.268420, 0.000000,
                           0.000001, 4.019401, 0.000004, 1.000000;;
                        }
                        Frame Armature_mixamorig_RightHandRing3 {
                          FrameTransformMatrix {
                             0.999788, 0.020525,-0.001392, 0.000000,
                            -0.014384, 0.745823, 0.665989, 0.000000,
                             0.014708,-0.665828, 0.745961, 0.000000,
                            -0.000001, 2.790817,-0.000004, 1.000000;;
                          }
                          Frame Armature_mixamorig_RightHandRing4 {
                            FrameTransformMatrix {
                               1.000000, 0.000000, 0.000000, 0.000000,
                              -0.000000, 1.000000, 0.000000, 0.000000,
                               0.000000, 0.000000, 1.000000, 0.000000,
                              -0.000002, 2.540697,-0.000005, 1.000000;;
                            }
                          } // End of Armature_mixamorig_RightHandRing4
                        } // End of Armature_mixamorig_RightHandRing3
                      } // End of Armature_mixamorig_RightHandRing2
                    } // End of Armature_mixamorig_RightHandRing1
                    Frame Armature_mixamorig_RightHandThumb1 {
                      FrameTransformMatrix {
                         0.976732,-0.103456, 0.187858, 0.000000,
                        -0.095406, 0.574892, 0.812648, 0.000000,
                        -0.192072,-0.811663, 0.551645, 0.000000,
                         2.370405, 3.545501, 1.908095, 1.000000;;
                      }
                      Frame Armature_mixamorig_RightHandThumb2 {
                        FrameTransformMatrix {
                           0.951148, 0.004170, 0.308707, 0.000000,
                           0.056214, 0.980855,-0.186449, 0.000000,
                          -0.303574, 0.194694, 0.932704, 0.000000,
                           0.000002, 2.808386, 0.000000, 1.000000;;
                        }
                        Frame Armature_mixamorig_RightHandThumb3 {
                          FrameTransformMatrix {
                             0.931553, 0.215579,-0.292804, 0.000000,
                            -0.285893, 0.931834,-0.223497, 0.000000,
                             0.224664, 0.291910, 0.929685, 0.000000,
                             0.000000, 2.378996, 0.000001, 1.000000;;
                          }
                          Frame Armature_mixamorig_RightHandThumb4 {
                            FrameTransformMatrix {
                               1.000000,-0.000000, 0.000000, 0.000000,
                              -0.000000, 1.000000,-0.000000, 0.000000,
                               0.000000, 0.000000, 1.000000, 0.000000,
                               0.000008, 2.445005, 0.000005, 1.000000;;
                            }
                          } // End of Armature_mixamorig_RightHandThumb4
                        } // End of Armature_mixamorig_RightHandThumb3
                      } // End of Armature_mixamorig_RightHandThumb2
                    } // End of Armature_mixamorig_RightHandThumb1
                    Frame Armature_mixamorig_Sword_joint {
                      FrameTransformMatrix {
                         0.000000,-1.000000,-0.000000, 0.000000,
                        -0.000000, 0.000000,-1.000000, 0.000000,
                         1.000000,-0.000000, 0.000000, 0.000000,
                        -0.770197, 7.959999, 2.820792, 1.000000;;
                      }
                    } // End of Armature_mixamorig_Sword_joint
                  } // End of Armature_mixamorig_RightHand
                } // End of Armature_mixamorig_RightForeArm
              } // End of Armature_mixamorig_RightArm
            } // End of Armature_mixamorig_RightShoulder
          } // End of Armature_mixamorig_Spine2
        } // End of Armature_mixamorig_Spine1
      } // End of Armature_mixamorig_Spine
    } // End of Armature_mixamorig_Hips
  } // End of Armature
} // End of Root
AnimationSet Global {
  Animation {
    {Armature}
    AnimationKey { // Rotation
      0;
      43;
      0;4;-0.707107, 0.707107, 0.000000, 0.000000;;,
      1;4;-0.707107, 0.707107, 0.000000, 0.000000;;,
      2;4;-0.707107, 0.707107, 0.000000, 0.000000;;,
      3;4;-0.707107, 0.707107, 0.000000, 0.000000;;,
      4;4;-0.707107, 0.707107, 0.000000, 0.000000;;,
      5;4;-0.707107, 0.707107, 0.000000, 0.000000;;,
      6;4;-0.707107, 0.707107, 0.000000, 0.000000;;,
      7;4;-0.707107, 0.707107, 0.000000, 0.000000;;,
      8;4;-0.707107, 0.707107, 0.000000, 0.000000;;,
      9;4;-0.707107, 0.707107, 0.000000, 0.000000;;,
      10;4;-0.707107, 0.707107, 0.000000, 0.000000;;,
      11;4;-0.707107, 0.707107, 0.000000, 0.000000;;,
      12;4;-0.707107, 0.707107, 0.000000, 0.000000;;,
      13;4;-0.707107, 0.707107, 0.000000, 0.000000;;,
      14;4;-0.707107, 0.707107, 0.000000, 0.000000;;,
      15;4;-0.707107, 0.707107, 0.000000, 0.000000;;,
      16;4;-0.707107, 0.707107, 0.000000, 0.000000;;,
      17;4;-0.707107, 0.707107, 0.000000, 0.000000;;,
      18;4;-0.707107, 0.707107, 0.000000, 0.000000;;,
      19;4;-0.707107, 0.707107, 0.000000, 0.000000;;,
      20;4;-0.707107, 0.707107, 0.000000, 0.000000;;,
      21;4;-0.707107, 0.707107, 0.000000, 0.000000;;,
      22;4;-0.707107, 0.707107, 0.000000, 0.000000;;,
      23;4;-0.707107, 0.707107, 0.000000, 0.000000;;,
      24;4;-0.707107, 0.707107, 0.000000, 0.000000;;,
      25;4;-0.707107, 0.707107, 0.000000, 0.000000;;,
      26;4;-0.707107, 0.707107, 0.000000, 0.000000;;,
      27;4;-0.707107, 0.707107, 0.000000, 0.000000;;,
      28;4;-0.707107, 0.707107, 0.000000, 0.000000;;,
      29;4;-0.707107, 0.707107, 0.000000, 0.000000;;,
      30;4;-0.707107, 0.707107, 0.000000, 0.000000;;,
      31;4;-0.707107, 0.707107, 0.000000, 0.000000;;,
      32;4;-0.707107, 0.707107, 0.000000, 0.000000;;,
      33;4;-0.707107, 0.707107, 0.000000, 0.000000;;,
      34;4;-0.707107, 0.707107, 0.000000, 0.000000;;,
      35;4;-0.707107, 0.707107, 0.000000, 0.000000;;,
      36;4;-0.707107, 0.707107, 0.000000, 0.000000;;,
      37;4;-0.707107, 0.707107, 0.000000, 0.000000;;,
      38;4;-0.707107, 0.707107, 0.000000, 0.000000;;,
      39;4;-0.707107, 0.707107, 0.000000, 0.000000;;,
      40;4;-0.707107, 0.707107, 0.000000, 0.000000;;,
      41;4;-0.707107, 0.707107, 0.000000, 0.000000;;,
      42;4;-0.707107, 0.707107, 0.000000, 0.000000;;;
    }
    AnimationKey { // Scale
      1;
      43;
      0;3; 0.010000, 0.010000, 0.010000;;,
      1;3; 0.010000, 0.010000, 0.010000;;,
      2;3; 0.010000, 0.010000, 0.010000;;,
      3;3; 0.010000, 0.010000, 0.010000;;,
      4;3; 0.010000, 0.010000, 0.010000;;,
      5;3; 0.010000, 0.010000, 0.010000;;,
      6;3; 0.010000, 0.010000, 0.010000;;,
      7;3; 0.010000, 0.010000, 0.010000;;,
      8;3; 0.010000, 0.010000, 0.010000;;,
      9;3; 0.010000, 0.010000, 0.010000;;,
      10;3; 0.010000, 0.010000, 0.010000;;,
      11;3; 0.010000, 0.010000, 0.010000;;,
      12;3; 0.010000, 0.010000, 0.010000;;,
      13;3; 0.010000, 0.010000, 0.010000;;,
      14;3; 0.010000, 0.010000, 0.010000;;,
      15;3; 0.010000, 0.010000, 0.010000;;,
      16;3; 0.010000, 0.010000, 0.010000;;,
      17;3; 0.010000, 0.010000, 0.010000;;,
      18;3; 0.010000, 0.010000, 0.010000;;,
      19;3; 0.010000, 0.010000, 0.010000;;,
      20;3; 0.010000, 0.010000, 0.010000;;,
      21;3; 0.010000, 0.010000, 0.010000;;,
      22;3; 0.010000, 0.010000, 0.010000;;,
      23;3; 0.010000, 0.010000, 0.010000;;,
      24;3; 0.010000, 0.010000, 0.010000;;,
      25;3; 0.010000, 0.010000, 0.010000;;,
      26;3; 0.010000, 0.010000, 0.010000;;,
      27;3; 0.010000, 0.010000, 0.010000;;,
      28;3; 0.010000, 0.010000, 0.010000;;,
      29;3; 0.010000, 0.010000, 0.010000;;,
      30;3; 0.010000, 0.010000, 0.010000;;,
      31;3; 0.010000, 0.010000, 0.010000;;,
      32;3; 0.010000, 0.010000, 0.010000;;,
      33;3; 0.010000, 0.010000, 0.010000;;,
      34;3; 0.010000, 0.010000, 0.010000;;,
      35;3; 0.010000, 0.010000, 0.010000;;,
      36;3; 0.010000, 0.010000, 0.010000;;,
      37;3; 0.010000, 0.010000, 0.010000;;,
      38;3; 0.010000, 0.010000, 0.010000;;,
      39;3; 0.010000, 0.010000, 0.010000;;,
      40;3; 0.010000, 0.010000, 0.010000;;,
      41;3; 0.010000, 0.010000, 0.010000;;,
      42;3; 0.010000, 0.010000, 0.010000;;;
    }
    AnimationKey { // Position
      2;
      43;
      0;3; 0.000000, 0.000000, 0.000000;;,
      1;3; 0.000000, 0.000000, 0.000000;;,
      2;3; 0.000000, 0.000000, 0.000000;;,
      3;3; 0.000000, 0.000000, 0.000000;;,
      4;3; 0.000000, 0.000000, 0.000000;;,
      5;3; 0.000000, 0.000000, 0.000000;;,
      6;3; 0.000000, 0.000000, 0.000000;;,
      7;3; 0.000000, 0.000000, 0.000000;;,
      8;3; 0.000000, 0.000000, 0.000000;;,
      9;3; 0.000000, 0.000000, 0.000000;;,
      10;3; 0.000000, 0.000000, 0.000000;;,
      11;3; 0.000000, 0.000000, 0.000000;;,
      12;3; 0.000000, 0.000000, 0.000000;;,
      13;3; 0.000000, 0.000000, 0.000000;;,
      14;3; 0.000000, 0.000000, 0.000000;;,
      15;3; 0.000000, 0.000000, 0.000000;;,
      16;3; 0.000000, 0.000000, 0.000000;;,
      17;3; 0.000000, 0.000000, 0.000000;;,
      18;3; 0.000000, 0.000000, 0.000000;;,
      19;3; 0.000000, 0.000000, 0.000000;;,
      20;3; 0.000000, 0.000000, 0.000000;;,
      21;3; 0.000000, 0.000000, 0.000000;;,
      22;3; 0.000000, 0.000000, 0.000000;;,
      23;3; 0.000000, 0.000000, 0.000000;;,
      24;3; 0.000000, 0.000000, 0.000000;;,
      25;3; 0.000000, 0.000000, 0.000000;;,
      26;3; 0.000000, 0.000000, 0.000000;;,
      27;3; 0.000000, 0.000000, 0.000000;;,
      28;3; 0.000000, 0.000000, 0.000000;;,
      29;3; 0.000000, 0.000000, 0.000000;;,
      30;3; 0.000000, 0.000000, 0.000000;;,
      31;3; 0.000000, 0.000000, 0.000000;;,
      32;3; 0.000000, 0.000000, 0.000000;;,
      33;3; 0.000000, 0.000000, 0.000000;;,
      34;3; 0.000000, 0.000000, 0.000000;;,
      35;3; 0.000000, 0.000000, 0.000000;;,
      36;3; 0.000000, 0.000000, 0.000000;;,
      37;3; 0.000000, 0.000000, 0.000000;;,
      38;3; 0.000000, 0.000000, 0.000000;;,
      39;3; 0.000000, 0.000000, 0.000000;;,
      40;3; 0.000000, 0.000000, 0.000000;;,
      41;3; 0.000000, 0.000000, 0.000000;;,
      42;3; 0.000000, 0.000000, 0.000000;;;
    }
  }
  Animation {
    {Armature_mixamorig_Hips}
    AnimationKey { // Rotation
      0;
      43;
      0;4;-0.829583, 0.088846,-0.549406, 0.045292;;,
      1;4;-0.829577, 0.089265,-0.549334, 0.045452;;,
      2;4;-0.829259, 0.090027,-0.549657, 0.045856;;,
      3;4;-0.828867, 0.090634,-0.550139, 0.045967;;,
      4;4;-0.828850, 0.091014,-0.550086, 0.046154;;,
      5;4;-0.828852, 0.091271,-0.550033, 0.046226;;,
      6;4;-0.828851, 0.091638,-0.549976, 0.046202;;,
      7;4;-0.828939, 0.091863,-0.549816, 0.046082;;,
      8;4;-0.829098, 0.091997,-0.549578, 0.045788;;,
      9;4;-0.829167, 0.091747,-0.549546, 0.045420;;,
      10;4;-0.829389, 0.091490,-0.549277, 0.045154;;,
      11;4;-0.829672, 0.091312,-0.548899, 0.044906;;,
      12;4;-0.829795, 0.091153,-0.548761, 0.044647;;,
      13;4;-0.830064, 0.090990,-0.548413, 0.044250;;,
      14;4;-0.830120, 0.090916,-0.548370, 0.043889;;,
      15;4;-0.829892, 0.091292,-0.548672, 0.043632;;,
      16;4;-0.829859, 0.091389,-0.548708, 0.043602;;,
      17;4;-0.829924, 0.091645,-0.548555, 0.043763;;,
      18;4;-0.829965, 0.091619,-0.548486, 0.043895;;,
      19;4;-0.829947, 0.091506,-0.548523, 0.044020;;,
      20;4;-0.829810, 0.091638,-0.548692, 0.044222;;,
      21;4;-0.829636, 0.091533,-0.548983, 0.044091;;,
      22;4;-0.829569, 0.091317,-0.549101, 0.044326;;,
      23;4;-0.829433, 0.091241,-0.549301, 0.044552;;,
      24;4;-0.829369, 0.090927,-0.549444, 0.044609;;,
      25;4;-0.829196, 0.090530,-0.549787, 0.044411;;,
      26;4;-0.828848, 0.090314,-0.550361, 0.044240;;,
      27;4;-0.828418, 0.090205,-0.551041, 0.044045;;,
      28;4;-0.828212, 0.090105,-0.551368, 0.044037;;,
      29;4;-0.828111, 0.089736,-0.551577, 0.044074;;,
      30;4;-0.827976, 0.089560,-0.551817, 0.043958;;,
      31;4;-0.827824, 0.089291,-0.552111, 0.043676;;,
      32;4;-0.828170, 0.089371,-0.551590, 0.043544;;,
      33;4;-0.828471, 0.089499,-0.551118, 0.043533;;,
      34;4;-0.828473, 0.089567,-0.551110, 0.043457;;,
      35;4;-0.828565, 0.089551,-0.550967, 0.043554;;,
      36;4;-0.828683, 0.089494,-0.550785, 0.043724;;,
      37;4;-0.828820, 0.089406,-0.550574, 0.043949;;,
      38;4;-0.828972, 0.089297,-0.550343, 0.044212;;,
      39;4;-0.829130, 0.089177,-0.550101, 0.044496;;,
