xof 0303txt 0032

template XSkinMeshHeader {
  <3cf169ce-ff7c-44ab-93c0-f78f62d172e2>
  WORD nMaxSkinWeightsPerVertex;
  WORD nMaxSkinWeightsPerFace;
  WORD nBones;
}

template SkinWeights {
  <6f0d123b-bad2-4167-a0d0-80224f25fabb>
  STRING transformNodeName;
  DWORD nWeights;
  array DWORD vertexIndices[nWeights];
  array float weights[nWeights];
  Matrix4x4 matrixOffset;
}

Frame Root {
  FrameTransformMatrix {
     1.000000, 0.000000, 0.000000, 0.000000,
     0.000000,-0.000000,-1.000000, 0.000000,
     0.000000, 1.000000,-0.000000, 0.000000,
     0.000000, 0.000000, 0.000000, 1.000000;;
  }
  Frame Armature {
    FrameTransformMatrix {
       0.010000, 0.000000, 0.000000, 0.000000,
       0.000000,-0.000000, 0.010000, 0.000000,
       0.000000,-0.010000,-0.000000, 0.000000,
       0.000000, 0.000000, 0.000000, 1.000000;;
    }
    Frame Armature_mixamorig_Hips {
      FrameTransformMatrix {
         0.141569, 0.038747, 0.989170, 0.000000,
        -0.098245, 0.994851,-0.024908, 0.000000,
        -0.985041,-0.093655, 0.144647, 0.000000,
        17.956787,91.545807, 9.929564, 1.000000;;
      }
      Frame Armature_mixamorig_LeftUpLeg {
        FrameTransformMatrix {
          -0.857866, 0.125641, 0.498247, 0.000000,
           0.102673,-0.908191, 0.405747, 0.000000,
           0.503512, 0.399255, 0.766159, 0.000000,
           9.789099,-5.875900,-0.583699, 1.000000;;
        }
        Frame Armature_mixamorig_LeftLeg {
          FrameTransformMatrix {
             0.770436, 0.339000, 0.539914, 0.000000,
             0.051535, 0.811013,-0.582754, 0.000000,
            -0.635431, 0.476800, 0.607363, 0.000000,
             0.000002,41.702000,-0.000002, 1.000000;;
          }
          Frame Armature_mixamorig_LeftFoot {
            FrameTransformMatrix {
               0.997558,-0.049188,-0.049582, 0.000000,
               0.066308, 0.444097, 0.893522, 0.000000,
              -0.021932,-0.894628, 0.446274, 0.000000,
              -0.000002,36.981030, 0.000000, 1.000000;;
            }
            Frame Armature_mixamorig_LeftToeBase {
              FrameTransformMatrix {
                 0.996818, 0.040758, 0.068499, 0.000000,
                -0.076341, 0.735304, 0.673424, 0.000000,
                -0.022920,-0.676511, 0.736076, 0.000000,
                 0.000001,16.700535,-0.000003, 1.000000;;
              }
              Frame Armature_mixamorig_LeftToe_End {
                FrameTransformMatrix {
                   1.000000,-0.000000,-0.000000, 0.000000,
                   0.000000, 1.000000, 0.000000, 0.000000,
                   0.000000,-0.000000, 1.000000, 0.000000,
                   0.000002, 7.120424, 0.000000, 1.000000;;
                }
              } // End of Armature_mixamorig_LeftToe_End
            } // End of Armature_mixamorig_LeftToeBase
          } // End of Armature_mixamorig_LeftFoot
        } // End of Armature_mixamorig_LeftLeg
      } // End of Armature_mixamorig_LeftUpLeg
      Frame Armature_mixamorig_RightUpLeg {
        FrameTransformMatrix {
          -0.956805, 0.012524,-0.290444, 0.000000,
          -0.115226,-0.933591, 0.339291, 0.000000,
          -0.266922, 0.358121, 0.894653, 0.000000,
          -9.857700,-5.875904,-0.583700, 1.000000;;
        }
        Frame Armature_mixamorig_RightLeg {
          FrameTransformMatrix {
             0.762625,-0.337328,-0.551918, 0.000000,
            -0.114091, 0.769724,-0.628098, 0.000000,
             0.636700, 0.541972, 0.548525, 0.000000,
            -0.000000,41.702000,-0.000000, 1.000000;;
          }
          Frame Armature_mixamorig_RightFoot {
            FrameTransformMatrix {
               0.984329, 0.144260, 0.101413, 0.000000,
              -0.142711, 0.313882, 0.938675, 0.000000,
               0.103582,-0.938439, 0.329551, 0.000000,
               0.000001,36.981026,-0.000000, 1.000000;;
            }
            Frame Armature_mixamorig_RightToeBase {
              FrameTransformMatrix {
                 0.996462,-0.079175, 0.028210, 0.000000,
                 0.041069, 0.751486, 0.658469, 0.000000,
                -0.073334,-0.654981, 0.752079, 0.000000,
                -0.000001,16.700535,-0.000000, 1.000000;;
              }
              Frame Armature_mixamorig_RightToe_End {
                FrameTransformMatrix {
                   1.000000, 0.000000, 0.000000, 0.000000,
                   0.000000, 1.000000, 0.000000, 0.000000,
                  -0.000000,-0.000000, 1.000000, 0.000000,
                   0.000001, 7.120427,-0.000000, 1.000000;;
                }
              } // End of Armature_mixamorig_RightToe_End
            } // End of Armature_mixamorig_RightToeBase
          } // End of Armature_mixamorig_RightFoot
        } // End of Armature_mixamorig_RightLeg
      } // End of Armature_mixamorig_RightUpLeg
      Frame Armature_mixamorig_Spine {
        FrameTransformMatrix {
           0.996554,-0.073823,-0.037810, 0.000000,
           0.079464, 0.980422, 0.180163, 0.000000,
           0.023770,-0.182547, 0.982910, 0.000000,
           0.017299,10.574792,-1.117198, 1.000000;;
        }
        Frame Armature_mixamorig_Spine1 {
          FrameTransformMatrix {
             0.999229, 0.037298,-0.012282, 0.000000,
            -0.034052, 0.978783, 0.202050, 0.000000,
             0.019558,-0.201476, 0.979298, 0.000000,
             0.000000,12.405998,-0.000001, 1.000000;;
          }
          Frame Armature_mixamorig_Spine2 {
            FrameTransformMatrix {
               0.998945, 0.042445,-0.017553, 0.000000,
              -0.035150, 0.952441, 0.302689, 0.000000,
               0.029565,-0.301752, 0.952928, 0.000000,
               0.000000,14.178316, 0.000003, 1.000000;;
            }
            Frame Armature_mixamorig_LeftShoulder {
              FrameTransformMatrix {
                 0.205849, 0.161392,-0.965183, 0.000000,
                 0.968975, 0.104262, 0.224092, 0.000000,
                 0.136798,-0.981367,-0.134922, 0.000000,
                 5.935001,13.670208,-1.662598, 1.000000;;
              }
              Frame Armature_mixamorig_LeftArm {
                FrameTransformMatrix {
                   0.624669, 0.457965, 0.632500, 0.000000,
                  -0.771194, 0.234560, 0.591811, 0.000000,
                   0.122669,-0.857467, 0.499702, 0.000000,
                  -0.000004,12.607900,-0.000001, 1.000000;;
                }
                Frame Armature_mixamorig_LeftForeArm {
                  FrameTransformMatrix {
                     0.498975, 0.866609,-0.003652, 0.000000,
                    -0.850834, 0.490684, 0.187908, 0.000000,
                     0.164635,-0.090654, 0.982180, 0.000000,
                    -0.000001,25.574291,-0.000002, 1.000000;;
                  }
                  Frame Armature_mixamorig_LeftHand {
                    FrameTransformMatrix {
                       0.784923, 0.253292, 0.565455, 0.000000,
                      -0.114554, 0.956215,-0.269315, 0.000000,
                      -0.608912, 0.146616, 0.779571, 0.000000,
                       0.000002,21.603407, 0.000000, 1.000000;;
                    }
                    Frame Armature_mixamorig_LeftHandIndex1 {
                      FrameTransformMatrix {
                         0.977114,-0.196830, 0.080657, 0.000000,
                        -0.031329, 0.241880, 0.969800, 0.000000,
                        -0.210395,-0.950133, 0.230178, 0.000000,
                        -2.341895, 9.909706,-0.291402, 1.000000;;
                      }
                      Frame Armature_mixamorig_LeftHandIndex2 {
                        FrameTransformMatrix {
                           0.998469,-0.053427, 0.014314, 0.000000,
                           0.026056, 0.682613, 0.730315, 0.000000,
                          -0.048790,-0.728824, 0.682961, 0.000000,
                           0.000003, 3.776702, 0.000004, 1.000000;;
                        }
                        Frame Armature_mixamorig_LeftHandIndex3 {
                          FrameTransformMatrix {
                             0.996541,-0.006350, 0.082862, 0.000000,
                            -0.080017, 0.195951, 0.977344, 0.000000,
                            -0.022443,-0.980593, 0.194765, 0.000000,
                             0.000010, 2.542991,-0.000001, 1.000000;;
                          }
                          Frame Armature_mixamorig_LeftHandIndex4 {
                            FrameTransformMatrix {
                               1.000000,-0.000000, 0.000000, 0.000000,
                               0.000000, 1.000000,-0.000000, 0.000000,
                              -0.000000, 0.000000, 1.000000, 0.000000,
                               0.000003, 2.529102,-0.000008, 1.000000;;
                            }
                          } // End of Armature_mixamorig_LeftHandIndex4
                        } // End of Armature_mixamorig_LeftHandIndex3
                      } // End of Armature_mixamorig_LeftHandIndex2
                    } // End of Armature_mixamorig_LeftHandIndex1
                    Frame Armature_mixamorig_LeftHandMiddle1 {
                      FrameTransformMatrix {
                         0.958117,-0.285110,-0.026917, 0.000000,
                         0.054329, 0.088675, 0.994578, 0.000000,
                        -0.281177,-0.954384, 0.100451, 0.000000,
                         0.000002, 9.700804,-0.000004, 1.000000;;
                      }
                      Frame Armature_mixamorig_LeftHandMiddle2 {
                        FrameTransformMatrix {
                           1.000000,-0.000124,-0.000122, 0.000000,
                           0.000153, 0.294293, 0.955715, 0.000000,
                          -0.000083,-0.955715, 0.294293, 0.000000,
                          -0.000003, 4.014605, 0.000000, 1.000000;;
                        }
                        Frame Armature_mixamorig_LeftHandMiddle3 {
                          FrameTransformMatrix {
                             0.999742, 0.001702, 0.022646, 0.000000,
                            -0.009324, 0.940029, 0.340966, 0.000000,
                            -0.020708,-0.341089, 0.939803, 0.000000,
                             0.000005, 2.996704, 0.000000, 1.000000;;
                          }
                          Frame Armature_mixamorig_LeftHandMiddle4 {
                            FrameTransformMatrix {
                               1.000000, 0.000000, 0.000000, 0.000000,
                               0.000000, 1.000000,-0.000000, 0.000000,
                              -0.000000,-0.000000, 1.000000, 0.000000,
                               0.000007, 2.824995,-0.000001, 1.000000;;
                            }
                          } // End of Armature_mixamorig_LeftHandMiddle4
                        } // End of Armature_mixamorig_LeftHandMiddle3
                      } // End of Armature_mixamorig_LeftHandMiddle2
                    } // End of Armature_mixamorig_LeftHandMiddle1
                    Frame Armature_mixamorig_LeftHandPinky1 {
                      FrameTransformMatrix {
                         0.885457,-0.376568, 0.272327, 0.000000,
                        -0.275709, 0.046054, 0.960137, 0.000000,
                        -0.374099,-0.925243,-0.063044, 0.000000,
                         4.712709, 8.985508,-0.221605, 1.000000;;
                      }
                      Frame Armature_mixamorig_LeftHandPinky2 {
                        FrameTransformMatrix {
                           1.000000,-0.000173,-0.000076, 0.000000,
                           0.000156, 0.528035, 0.849223, 0.000000,
                          -0.000107,-0.849223, 0.528035, 0.000000,
                          -0.000001, 3.562505,-0.000002, 1.000000;;
                        }
                        Frame Armature_mixamorig_LeftHandPinky3 {
                          FrameTransformMatrix {
                             1.000000,-0.000014,-0.000058, 0.000000,
                             0.000038, 0.896508, 0.443027, 0.000000,
                             0.000046,-0.443027, 0.896508, 0.000000,
                            -0.000003, 2.335212, 0.000001, 1.000000;;
                          }
                          Frame Armature_mixamorig_LeftHandPinky4 {
                            FrameTransformMatrix {
                               1.000000,-0.000000, 0.000000, 0.000000,
                              -0.000000, 1.000000,-0.000000, 0.000000,
                               0.000000,-0.000000, 1.000000, 0.000000,
                              -0.000003, 2.037283,-0.000002, 1.000000;;
                            }
                          } // End of Armature_mixamorig_LeftHandPinky4
                        } // End of Armature_mixamorig_LeftHandPinky3
                      } // End of Armature_mixamorig_LeftHandPinky2
                    } // End of Armature_mixamorig_LeftHandPinky1
                    Frame Armature_mixamorig_LeftHandRing1 {
                      FrameTransformMatrix {
                         0.913874,-0.392623, 0.103354, 0.000000,
                        -0.110605, 0.004176, 0.993856, 0.000000,
                        -0.390642,-0.919690,-0.039610, 0.000000,
                         2.241705, 9.308403,-0.143495, 1.000000;;
                      }
                      Frame Armature_mixamorig_LeftHandRing2 {
                        FrameTransformMatrix {
                           0.999858,-0.016820,-0.000123, 0.000000,
                           0.010681, 0.629189, 0.777179, 0.000000,
                          -0.012995,-0.777071, 0.629279, 0.000000,
                          -0.000002, 4.019392,-0.000001, 1.000000;;
                        }
                        Frame Armature_mixamorig_LeftHandRing3 {
                          FrameTransformMatrix {
                             0.982372,-0.146133,-0.116577, 0.000000,
                             0.186904, 0.756278, 0.626985, 0.000000,
                            -0.003459,-0.637721, 0.770260, 0.000000,
                            -0.000006, 2.790805,-0.000001, 1.000000;;
                          }
                          Frame Armature_mixamorig_LeftHandRing4 {
                            FrameTransformMatrix {
                               1.000000, 0.000000, 0.000000, 0.000000,
                               0.000000, 1.000000, 0.000000, 0.000000,
                               0.000000,-0.000000, 1.000000, 0.000000,
                               0.000001, 2.540695, 0.000007, 1.000000;;
                            }
                          } // End of Armature_mixamorig_LeftHandRing4
                        } // End of Armature_mixamorig_LeftHandRing3
                      } // End of Armature_mixamorig_LeftHandRing2
                    } // End of Armature_mixamorig_LeftHandRing1
                    Frame Armature_mixamorig_LeftHandThumb1 {
                      FrameTransformMatrix {
                         0.863207, 0.480743, 0.154146, 0.000000,
                        -0.490636, 0.726896, 0.480520, 0.000000,
                         0.118959,-0.490417, 0.863331, 0.000000,
                        -2.370395, 3.545600, 1.908193, 1.000000;;
                      }
                      Frame Armature_mixamorig_LeftHandThumb2 {
                        FrameTransformMatrix {
                           0.784905,-0.564330,-0.255843, 0.000000,
                           0.608401, 0.780135, 0.145728, 0.000000,
                           0.117353,-0.270038, 0.955671, 0.000000,
                           0.000009, 2.808397, 0.000000, 1.000000;;
                        }
                        Frame Armature_mixamorig_LeftHandThumb3 {
                          FrameTransformMatrix {
                             0.331088,-0.274571,-0.902769, 0.000000,
                             0.851866, 0.498459, 0.160817, 0.000000,
                             0.405838,-0.822283, 0.398932, 0.000000,
                             0.000005, 2.378995,-0.000001, 1.000000;;
                          }
                          Frame Armature_mixamorig_LeftHandThumb4 {
                            FrameTransformMatrix {
                               1.000000, 0.000000,-0.000000, 0.000000,
                              -0.000000, 1.000000, 0.000000, 0.000000,
                              -0.000000,-0.000000, 1.000000, 0.000000,
                               0.000001, 2.445004, 0.000004, 1.000000;;
                            }
                          } // End of Armature_mixamorig_LeftHandThumb4
                        } // End of Armature_mixamorig_LeftHandThumb3
                      } // End of Armature_mixamorig_LeftHandThumb2
                    } // End of Armature_mixamorig_LeftHandThumb1
                  } // End of Armature_mixamorig_LeftHand
                  Frame Armature_mixamorig_Shield_joint {
                    FrameTransformMatrix {
                       0.000000, 1.000000,-0.000000, 0.000000,
                       0.000000,-0.000000,-1.000000, 0.000000,
                      -1.000000, 0.000000,-0.000000, 0.000000,
                       0.398197,14.663401,-5.648605, 1.000000;;
                    }
                  } // End of Armature_mixamorig_Shield_joint
                } // End of Armature_mixamorig_LeftForeArm
              } // End of Armature_mixamorig_LeftArm
            } // End of Armature_mixamorig_LeftShoulder
            Frame Armature_mixamorig_Neck {
              FrameTransformMatrix {
                 0.992025, 0.018009, 0.124746, 0.000000,
                 0.078837, 0.683563,-0.725621, 0.000000,
                -0.098340, 0.729669, 0.676692, 0.000000,
                 0.024400,15.862296,-1.675796, 1.000000;;
              }
              Frame Armature_mixamorig_Head {
                FrameTransformMatrix {
                   0.983436, 0.057260, 0.171973, 0.000000,
                  -0.124200, 0.903920, 0.409271, 0.000000,
                  -0.132015,-0.423851, 0.896059, 0.000000,
                   0.000001, 5.563993, 0.988101, 1.000000;;
                }
                Frame Armature_mixamorig_HeadTop_End {
                  FrameTransformMatrix {
                     1.000000, 0.000000, 0.000000, 0.000000,
                    -0.000000, 1.000000,-0.000000, 0.000000,
                    -0.000000, 0.000000, 1.000000, 0.000000,
                     0.000000,18.311888, 3.086904, 1.000000;;
                  }
                } // End of Armature_mixamorig_HeadTop_End
                Frame Armature_mixamorig_LeftEye {
                  FrameTransformMatrix {
                    -0.000000,-0.000000,-1.000000, 0.000000,
                     1.000000,-0.000000,-0.000000, 0.000000,
                    -0.000000,-1.000000, 0.000000, 0.000000,
                     2.284401, 7.935698, 7.063700, 1.000000;;
                  }
                } // End of Armature_mixamorig_LeftEye
                Frame Armature_mixamorig_RightEye {
                  FrameTransformMatrix {
                     0.000000, 0.000000, 1.000000, 0.000000,
                    -1.000000, 0.000000,-0.000000, 0.000000,
                    -0.000000,-1.000000, 0.000000, 0.000000,
                    -2.377501, 7.935688, 7.063706, 1.000000;;
                  }
                } // End of Armature_mixamorig_RightEye
              } // End of Armature_mixamorig_Head
            } // End of Armature_mixamorig_Neck
            Frame Armature_mixamorig_RightShoulder {
              FrameTransformMatrix {
                 0.105340,-0.261464, 0.959448, 0.000000,
                -0.757077, 0.604486, 0.247853, 0.000000,
                -0.644778,-0.752484,-0.134272, 0.000000,
                -5.979199,13.670196,-1.662590, 1.000000;;
              }
              Frame Armature_mixamorig_RightArm {
                FrameTransformMatrix {
                   0.412794,-0.541935,-0.732057, 0.000000,
                   0.877523, 0.021285, 0.479063, 0.000000,
                  -0.244039,-0.840151, 0.484346, 0.000000,
                  -0.000003,12.607895, 0.000008, 1.000000;;
                }
                Frame Armature_mixamorig_RightForeArm {
                  FrameTransformMatrix {
                     0.321044,-0.947064, 0.000698, 0.000000,
                     0.874817, 0.296270,-0.383301, 0.000000,
                     0.362804, 0.123667, 0.923623, 0.000000,
                     0.000002,25.574306, 0.000003, 1.000000;;
                  }
                  Frame Armature_mixamorig_RightHand {
                    FrameTransformMatrix {
                       0.805519,-0.222635,-0.549156, 0.000000,
                       0.240645, 0.969781,-0.040177, 0.000000,
                       0.541506,-0.099788, 0.834753, 0.000000,
                      -0.000003,21.603504, 0.000003, 1.000000;;
                    }
                    Frame Armature_mixamorig_RightHandIndex1 {
                      FrameTransformMatrix {
                         0.955901, 0.006786, 0.293610, 0.000000,
                        -0.160771, 0.848727, 0.503802, 0.000000,
                        -0.245775,-0.528789, 0.812390, 0.000000,
                         2.341897, 9.909599,-0.291401, 1.000000;;
                      }
                      Frame Armature_mixamorig_RightHandIndex2 {
                        FrameTransformMatrix {
                           0.999981, 0.004725,-0.003921, 0.000000,
                           0.005446,-0.387697, 0.921771, 0.000000,
                           0.002836,-0.921775,-0.387715, 0.000000,
                           0.000009, 3.776703,-0.000000, 1.000000;;
                        }
                        Frame Armature_mixamorig_RightHandIndex3 {
                          FrameTransformMatrix {
                             0.999427, 0.020332, 0.027057, 0.000000,
                            -0.031854, 0.835205, 0.549015, 0.000000,
                            -0.011435,-0.549562, 0.835374, 0.000000,
                            -0.000007, 2.543001,-0.000001, 1.000000;;
                          }
                          Frame Armature_mixamorig_RightHandIndex4 {
                            FrameTransformMatrix {
                               1.000000,-0.000000, 0.000000, 0.000000,
                               0.000000, 1.000000, 0.000000, 0.000000,
                              -0.000000,-0.000000, 1.000000, 0.000000,
                              -0.000008, 2.528998, 0.000000, 1.000000;;
                            }
                          } // End of Armature_mixamorig_RightHandIndex4
                        } // End of Armature_mixamorig_RightHandIndex3
                      } // End of Armature_mixamorig_RightHandIndex2
                    } // End of Armature_mixamorig_RightHandIndex1
                    Frame Armature_mixamorig_RightHandMiddle1 {
                      FrameTransformMatrix {
                         0.983382, 0.087532, 0.159056, 0.000000,
                        -0.136687,-0.219644, 0.965957, 0.000000,
                         0.119488,-0.971646,-0.204029, 0.000000,
                        -0.000009, 9.700602,-0.000002, 1.000000;;
                      }
                      Frame Armature_mixamorig_RightHandMiddle2 {
                        FrameTransformMatrix {
                           1.000000, 0.000113, 0.000130, 0.000000,
                          -0.000168, 0.484527, 0.874776, 0.000000,
                           0.000036,-0.874776, 0.484527, 0.000000,
                           0.000002, 4.014603, 0.000001, 1.000000;;
                        }
                        Frame Armature_mixamorig_RightHandMiddle3 {
                          FrameTransformMatrix {
                             0.999449,-0.006175, 0.032617, 0.000000,
                            -0.011750, 0.853137, 0.521555, 0.000000,
                            -0.031048,-0.521651, 0.852594, 0.000000,
                             0.000003, 2.996709, 0.000001, 1.000000;;
                          }
                          Frame Armature_mixamorig_RightHandMiddle4 {
                            FrameTransformMatrix {
                               1.000000, 0.000000,-0.000000, 0.000000,
                               0.000000, 1.000000, 0.000000, 0.000000,
                              -0.000000,-0.000000, 1.000000, 0.000000,
                              -0.000010, 2.824990, 0.000002, 1.000000;;
                            }
                          } // End of Armature_mixamorig_RightHandMiddle4
                        } // End of Armature_mixamorig_RightHandMiddle3
                      } // End of Armature_mixamorig_RightHandMiddle2
                    } // End of Armature_mixamorig_RightHandMiddle1
                    Frame Armature_mixamorig_RightHandPinky1 {
                      FrameTransformMatrix {
                         0.949487, 0.294605, 0.108088, 0.000000,
                        -0.070055,-0.136751, 0.988125, 0.000000,
                         0.305887,-0.945784,-0.109205, 0.000000,
                        -4.712808, 8.985300,-0.221703, 1.000000;;
                      }
                      Frame Armature_mixamorig_RightHandPinky2 {
                        FrameTransformMatrix {
                           1.000000, 0.000098, 0.000059, 0.000000,
                          -0.000112, 0.721208, 0.692719, 0.000000,
                           0.000026,-0.692719, 0.721208, 0.000000,
                           0.000007, 3.562503,-0.000001, 1.000000;;
                        }
                        Frame Armature_mixamorig_RightHandPinky3 {
                          FrameTransformMatrix {
                             1.000000, 0.000217, 0.000077, 0.000000,
                            -0.000181, 0.533547, 0.845770, 0.000000,
                             0.000142,-0.845770, 0.533548, 0.000000,
                             0.000001, 2.335208, 0.000001, 1.000000;;
                          }
                          Frame Armature_mixamorig_RightHandPinky4 {
                            FrameTransformMatrix {
                               1.000000, 0.000000, 0.000000, 0.000000,
                              -0.000000, 1.000000,-0.000000, 0.000000,
                              -0.000000, 0.000000, 1.000000, 0.000000,
                              -0.000004, 2.037301,-0.000001, 1.000000;;
                            }
                          } // End of Armature_mixamorig_RightHandPinky4
                        } // End of Armature_mixamorig_RightHandPinky3
                      } // End of Armature_mixamorig_RightHandPinky2
                    } // End of Armature_mixamorig_RightHandPinky1
                    Frame Armature_mixamorig_RightHandRing1 {
                      FrameTransformMatrix {
                         0.983271, 0.155078, 0.095547, 0.000000,
                        -0.046354,-0.294245, 0.954605, 0.000000,
                         0.176152,-0.943064,-0.282134, 0.000000,
                        -2.241707, 9.308305,-0.143596, 1.000000;;
                      }
                      Frame Armature_mixamorig_RightHandRing2 {
                        FrameTransformMatrix {
                           0.999955,-0.000067, 0.009500, 0.000000,
                          -0.006215, 0.751682, 0.659496, 0.000000,
                          -0.007185,-0.659525, 0.751648, 0.000000,
                          -0.000008, 4.019392,-0.000001, 1.000000;;
                        }
                        Frame Armature_mixamorig_RightHandRing3 {
                          FrameTransformMatrix {
                             0.999808,-0.014821, 0.012804, 0.000000,
                            -0.000667, 0.627594, 0.778541, 0.000000,
                            -0.019574,-0.778400, 0.627464, 0.000000,
                            -0.000018, 2.790808, 0.000002, 1.000000;;
                          }
                          Frame Armature_mixamorig_RightHandRing4 {
                            FrameTransformMatrix {
                               1.000000, 0.000000,-0.000000, 0.000000,
                               0.000000, 1.000000,-0.000000, 0.000000,
                              -0.000000, 0.000000, 1.000000, 0.000000,
                              -0.000008, 2.540695,-0.000002, 1.000000;;
                            }
                          } // End of Armature_mixamorig_RightHandRing4
                        } // End of Armature_mixamorig_RightHandRing3
                      } // End of Armature_mixamorig_RightHandRing2
                    } // End of Armature_mixamorig_RightHandRing1
                    Frame Armature_mixamorig_RightHandThumb1 {
                      FrameTransformMatrix {
                         0.805908,-0.535843, 0.251765, 0.000000,
                         0.435422, 0.824585, 0.361201, 0.000000,
                        -0.401149,-0.181471, 0.897857, 0.000000,
                         2.370395, 3.545503, 1.908097, 1.000000;;
                      }
                      Frame Armature_mixamorig_RightHandThumb2 {
                        FrameTransformMatrix {
                           0.713099, 0.676888,-0.182516, 0.000000,
                          -0.613160, 0.728398, 0.305731, 0.000000,
                           0.339890,-0.106105, 0.934461, 0.000000,
                          -0.000004, 2.808390,-0.000004, 1.000000;;
                        }
                        Frame Armature_mixamorig_RightHandThumb3 {
                          FrameTransformMatrix {
                             0.604596, 0.782570, 0.148485, 0.000000,
                            -0.796392, 0.597399, 0.094208, 0.000000,
                            -0.014980,-0.175210, 0.984417, 0.000000,
                             0.000004, 2.378997, 0.000002, 1.000000;;
                          }
                          Frame Armature_mixamorig_RightHandThumb4 {
                            FrameTransformMatrix {
                               1.000000, 0.000000, 0.000000, 0.000000,
                               0.000000, 1.000000,-0.000000, 0.000000,
                              -0.000000, 0.000000, 1.000000, 0.000000,
                               0.000005, 2.445013, 0.000002, 1.000000;;
                            }
                          } // End of Armature_mixamorig_RightHandThumb4
                        } // End of Armature_mixamorig_RightHandThumb3
                      } // End of Armature_mixamorig_RightHandThumb2
                    } // End of Armature_mixamorig_RightHandThumb1
                    Frame Armature_mixamorig_Sword_joint {
                      FrameTransformMatrix {
                         0.000000,-1.000000,-0.000000, 0.000000,
                        -0.000000, 0.000000,-1.000000, 0.000000,
                         1.000000, 0.000000,-0.000000, 0.000000,
                        -0.770207, 7.959999, 2.820796, 1.000000;;
                      }
                    } // End of Armature_mixamorig_Sword_joint
                  } // End of Armature_mixamorig_RightHand
                } // End of Armature_mixamorig_RightForeArm
              } // End of Armature_mixamorig_RightArm
            } // End of Armature_mixamorig_RightShoulder
          } // End of Armature_mixamorig_Spine2
        } // End of Armature_mixamorig_Spine1
      } // End of Armature_mixamorig_Spine
    } // End of Armature_mixamorig_Hips
  } // End of Armature
} // End of Root
AnimationSet Global {
  Animation {
    {Armature}
    AnimationKey { // Rotation
      0;
      23;
      0;4;-0.707107, 0.707107, 0.000000, 0.000000;;,
      1;4;-0.707107, 0.707107, 0.000000, 0.000000;;,
      2;4;-0.707107, 0.707107, 0.000000, 0.000000;;,
      3;4;-0.707107, 0.707107, 0.000000, 0.000000;;,
      4;4;-0.707107, 0.707107, 0.000000, 0.000000;;,
      5;4;-0.707107, 0.707107, 0.000000, 0.000000;;,
      6;4;-0.707107, 0.707107, 0.000000, 0.000000;;,
      7;4;-0.707107, 0.707107, 0.000000, 0.000000;;,
      8;4;-0.707107, 0.707107, 0.000000, 0.000000;;,
      9;4;-0.707107, 0.707107, 0.000000, 0.000000;;,
      10;4;-0.707107, 0.707107, 0.000000, 0.000000;;,
      11;4;-0.707107, 0.707107, 0.000000, 0.000000;;,
      12;4;-0.707107, 0.707107, 0.000000, 0.000000;;,
      13;4;-0.707107, 0.707107, 0.000000, 0.000000;;,
      14;4;-0.707107, 0.707107, 0.000000, 0.000000;;,
      15;4;-0.707107, 0.707107, 0.000000, 0.000000;;,
      16;4;-0.707107, 0.707107, 0.000000, 0.000000;;,
      17;4;-0.707107, 0.707107, 0.000000, 0.000000;;,
      18;4;-0.707107, 0.707107, 0.000000, 0.000000;;,
      19;4;-0.707107, 0.707107, 0.000000, 0.000000;;,
      20;4;-0.707107, 0.707107, 0.000000, 0.000000;;,
      21;4;-0.707107, 0.707107, 0.000000, 0.000000;;,
      22;4;-0.707107, 0.707107, 0.000000, 0.000000;;;
    }
    AnimationKey { // Scale
      1;
      23;
      0;3; 0.010000, 0.010000, 0.010000;;,
      1;3; 0.010000, 0.010000, 0.010000;;,
      2;3; 0.010000, 0.010000, 0.010000;;,
      3;3; 0.010000, 0.010000, 0.010000;;,
      4;3; 0.010000, 0.010000, 0.010000;;,
      5;3; 0.010000, 0.010000, 0.010000;;,
      6;3; 0.010000, 0.010000, 0.010000;;,
      7;3; 0.010000, 0.010000, 0.010000;;,
      8;3; 0.010000, 0.010000, 0.010000;;,
      9;3; 0.010000, 0.010000, 0.010000;;,
      10;3; 0.010000, 0.010000, 0.010000;;,
      11;3; 0.010000, 0.010000, 0.010000;;,
      12;3; 0.010000, 0.010000, 0.010000;;,
      13;3; 0.010000, 0.010000, 0.010000;;,
      14;3; 0.010000, 0.010000, 0.010000;;,
      15;3; 0.010000, 0.010000, 0.010000;;,
      16;3; 0.010000, 0.010000, 0.010000;;,
      17;3; 0.010000, 0.010000, 0.010000;;,
      18;3; 0.010000, 0.010000, 0.010000;;,
      19;3; 0.010000, 0.010000, 0.010000;;,
      20;3; 0.010000, 0.010000, 0.010000;;,
      21;3; 0.010000, 0.010000, 0.010000;;,
      22;3; 0.010000, 0.010000, 0.010000;;;
    }
    AnimationKey { // Position
      2;
      23;
      0;3; 0.000000, 0.000000, 0.000000;;,
      1;3; 0.000000, 0.000000, 0.000000;;,
      2;3; 0.000000, 0.000000, 0.000000;;,
      3;3; 0.000000, 0.000000, 0.000000;;,
      4;3; 0.000000, 0.000000, 0.000000;;,
      5;3; 0.000000, 0.000000, 0.000000;;,
      6;3; 0.000000, 0.000000, 0.000000;;,
      7;3; 0.000000, 0.000000, 0.000000;;,
      8;3; 0.000000, 0.000000, 0.000000;;,
      9;3; 0.000000, 0.000000, 0.000000;;,
      10;3; 0.000000, 0.000000, 0.000000;;,
      11;3; 0.000000, 0.000000, 0.000000;;,
      12;3; 0.000000, 0.000000, 0.000000;;,
      13;3; 0.000000, 0.000000, 0.000000;;,
      14;3; 0.000000, 0.000000, 0.000000;;,
      15;3; 0.000000, 0.000000, 0.000000;;,
      16;3; 0.000000, 0.000000, 0.000000;;,
      17;3; 0.000000, 0.000000, 0.000000;;,
      18;3; 0.000000, 0.000000, 0.000000;;,
      19;3; 0.000000, 0.000000, 0.000000;;,
      20;3; 0.000000, 0.000000, 0.000000;;,
      21;3; 0.000000, 0.000000, 0.000000;;,
      22;3; 0.000000, 0.000000, 0.000000;;;
    }
  }
  Animation {
    {Armature_mixamorig_Hips}
    AnimationKey { // Rotation
      0;
      23;
      0;4;-0.982247, 0.043630,-0.182429,-0.002648;;,
      1;4;-0.970347, 0.041138,-0.238189,-0.000732;;,
      2;4;-0.955356, 0.042525,-0.292375, 0.001970;;,
      3;4;-0.940027, 0.042357,-0.338418, 0.005367;;,
      4;4;-0.927421, 0.039363,-0.371870, 0.007354;;,
      5;4;-0.916785, 0.036786,-0.397589, 0.008658;;,
      6;4;-0.904150, 0.034363,-0.425652, 0.012304;;,
      7;4;-0.886715, 0.031739,-0.460925, 0.016628;;,
      8;4;-0.865742, 0.029414,-0.499093, 0.023069;;,
      9;4;-0.841650, 0.027150,-0.538450, 0.030988;;,
      10;4;-0.815323, 0.023634,-0.577337, 0.037026;;,
      11;4;-0.786030, 0.022115,-0.616345, 0.042263;;,
      12;4;-0.755160, 0.022759,-0.653574, 0.045352;;,
      13;4;-0.723209, 0.022523,-0.688804, 0.044838;;,
      14;4;-0.692914, 0.023724,-0.719668, 0.037231;;,
      15;4;-0.668232, 0.025626,-0.742838, 0.031628;;,
      16;4;-0.648327, 0.030158,-0.760135, 0.030962;;,
      17;4;-0.631275, 0.035211,-0.774091, 0.032171;;,
      18;4;-0.616729, 0.035969,-0.785738, 0.031108;;,
      19;4;-0.602965, 0.034553,-0.796454, 0.030008;;,
      20;4;-0.581329, 0.032583,-0.812456, 0.030159;;,
      21;4;-0.546625, 0.031722,-0.836240, 0.029968;;,
      22;4;-0.505009, 0.030560,-0.862007, 0.031252;;;
    }
    AnimationKey { // Scale
      1;
      23;
      0;3; 1.000000, 1.000000, 1.000000;;,
      1;3; 1.000000, 1.000000, 1.000000;;,
      2;3; 1.000000, 1.000000, 1.000000;;,
      3;3; 1.000000, 1.000000, 1.000000;;,
      4;3; 1.000000, 1.000000, 1.000000;;,
      5;3; 1.000000, 1.000000, 1.000000;;,
      6;3; 1.000000, 1.000000, 1.000000;;,
      7;3; 1.000000, 1.000000, 1.000000;;,
      8;3; 1.000000, 1.000000, 1.000000;;,
      9;3; 1.000000, 1.000000, 1.000000;;,
      10;3; 1.000000, 1.000000, 1.000000;;,
      11;3; 1.000000, 1.000000, 1.000000;;,
      12;3; 1.000000, 1.000000, 1.000000;;,
      13;3; 1.000000, 1.000000, 1.000000;;,
      14;3; 1.000000, 1.000000, 1.000000;;,
      15;3; 1.000000, 1.000000, 1.000000;;,
      16;3; 1.000000, 1.000000, 1.000000;;,
      17;3; 1.000000, 1.000000, 1.000000;;,
      18;3; 1.000000, 1.000000, 1.000000;;,
      19;3; 1.000000, 1.000000, 1.000000;;,
      20;3; 1.000000, 1.000000, 1.000000;;,
      21;3; 1.000000, 1.000000, 1.000000;;,
      22;3; 1.000000, 1.000000, 1.000000;;;
    }
    AnimationKey { // Position
      2;
      23;
      0;3; 0.294946,90.297104,-0.780700;;,
      1;3; 2.760452,90.369186, 0.622440;;,
      2;3; 5.219543,90.288078, 2.099853;;,
      3;3; 7.602500,90.356964, 3.481802;;,
      4;3; 9.691605,90.489220, 4.787248;;,
      5;3;11.394011,90.467842, 5.951969;;,
      6;3;12.740505,90.282990, 7.013224;;,
      7;3;13.841913,90.140640, 7.913452;;,
      8;3;14.900166,90.161522, 8.662866;;,
      9;3;15.915698,90.305275, 9.256817;;,
      10;3;16.800154,90.571625, 9.599662;;,
      11;3;17.509689,90.981339, 9.762545;;,
      12;3;17.956787,91.545807, 9.929564;;,
      13;3;17.798107,91.645554,10.163123;;,
      14;3;16.960245,91.475189,10.348243;;,
      15;3;15.517102,91.416672,10.564820;;,
      16;3;13.730004,91.320770,10.799913;;,
      17;3;11.764687,91.059555,11.276793;;,
      18;3; 9.639878,90.852081,12.038490;;,
      19;3; 7.493825,90.744560,12.925036;;,
      20;3; 5.149448,90.376160,14.114491;;,
      21;3; 3.129344,90.236511,15.539943;;,
      22;3; 1.151696,90.297089,16.987530;;;
    }
  }
  Animation {
    {Armature_mixamorig_Spine}
    AnimationKey { // Rotation
      0;
      23;
      0;4;-0.988235, 0.148099, 0.037648, 0.006400;;,
      1;4;-0.988796, 0.141024, 0.044561, 0.020230;;,
      2;4;-0.989978, 0.126439, 0.052790, 0.034199;;,
      3;4;-0.990888, 0.118222, 0.049795, 0.041047;;,
      4;4;-0.991995, 0.111850, 0.039202, 0.043570;;,
      5;4;-0.993583, 0.101458, 0.024823, 0.043381;;,
      6;4;-0.995454, 0.087475, 0.012757, 0.035443;;,
      7;4;-0.996756, 0.076390, 0.008261, 0.023955;;,
      8;4;-0.997482, 0.069419, 0.008385, 0.011815;;,
      9;4;-0.997633, 0.068285, 0.007959,-0.001217;;,
      10;4;-0.997086, 0.074152, 0.008276,-0.015920;;,
      11;4;-0.996145, 0.081880, 0.010668,-0.029603;;,
      12;4;-0.994973, 0.091136, 0.015473,-0.038515;;,
      13;4;-0.994076, 0.097598, 0.022451,-0.042232;;,
      14;4;-0.993373, 0.103502, 0.028659,-0.040934;;,
      15;4;-0.992796, 0.109093, 0.029693,-0.039656;;,
      16;4;-0.992768, 0.110362, 0.025897,-0.039502;;,
      17;4;-0.993016, 0.111031, 0.020118,-0.034438;;,
      18;4;-0.992663, 0.117366, 0.011629,-0.026636;;,
      19;4;-0.991863, 0.126036, 0.002342,-0.017817;;,
      20;4;-0.991293, 0.131403, 0.001973,-0.008208;;,
      21;4;-0.990065, 0.139626, 0.016607, 0.000937;;,
      22;4;-0.988235, 0.148099, 0.037649, 0.006401;;;
    }
    AnimationKey { // Scale
      1;
      23;
      0;3; 1.000000, 1.000000, 1.000000;;,
      1;3; 1.000000, 1.000000, 1.000000;;,
      2;3; 1.000000, 1.000000, 1.000000;;,
      3;3; 1.000000, 1.000000, 1.000000;;,
      4;3; 1.000000, 1.000000, 1.000000;;,
      5;3; 1.000000, 1.000000, 1.000000;;,
