xof 0303txt 0032

template XSkinMeshHeader {
  <3cf169ce-ff7c-44ab-93c0-f78f62d172e2>
  WORD nMaxSkinWeightsPerVertex;
  WORD nMaxSkinWeightsPerFace;
  WORD nBones;
}

template SkinWeights {
  <6f0d123b-bad2-4167-a0d0-80224f25fabb>
  STRING transformNodeName;
  DWORD nWeights;
  array DWORD vertexIndices[nWeights];
  array float weights[nWeights];
  Matrix4x4 matrixOffset;
}

Frame Root {
  FrameTransformMatrix {
     1.000000, 0.000000, 0.000000, 0.000000,
     0.000000,-0.000000,-1.000000, 0.000000,
     0.000000, 1.000000,-0.000000, 0.000000,
     0.000000, 0.000000, 0.000000, 1.000000;;
  }
  Frame Armature {
    FrameTransformMatrix {
       0.010000, 0.000000, 0.000000, 0.000000,
       0.000000,-0.000000, 0.010000, 0.000000,
       0.000000,-0.010000,-0.000000, 0.000000,
       0.000000, 0.000000, 0.000000, 1.000000;;
    }
    Frame Armature_mixamorig_Hips {
      FrameTransformMatrix {
         0.946094, 0.019630, 0.323296, 0.000000,
        -0.039728, 0.997658, 0.055683, 0.000000,
        -0.321446,-0.065525, 0.944658, 0.000000,
         7.388935,85.871887,-1.075332, 1.000000;;
      }
      Frame Armature_mixamorig_LeftUpLeg {
        FrameTransformMatrix {
          -0.991773, 0.069377, 0.107573, 0.000000,
          -0.020519,-0.915691, 0.401337, 0.000000,
           0.126355, 0.395850, 0.909525, 0.000000,
           9.789101,-5.875909,-0.583699, 1.000000;;
        }
        Frame Armature_mixamorig_LeftLeg {
          FrameTransformMatrix {
             0.993515, 0.036507, 0.107675, 0.000000,
             0.068897, 0.560040,-0.825596, 0.000000,
            -0.090443, 0.827661, 0.553893, 0.000000,
            -0.000001,41.701996,-0.000001, 1.000000;;
          }
          Frame Armature_mixamorig_LeftFoot {
            FrameTransformMatrix {
               0.994659, 0.069847,-0.075986, 0.000000,
               0.071375, 0.066304, 0.995243, 0.000000,
               0.074552,-0.995352, 0.060964, 0.000000,
              -0.000001,36.981026, 0.000001, 1.000000;;
            }
            Frame Armature_mixamorig_LeftToeBase {
              FrameTransformMatrix {
                 0.998782, 0.033225,-0.036467, 0.000000,
                -0.004938, 0.802816, 0.596206, 0.000000,
                 0.049086,-0.595300, 0.802002, 0.000000,
                -0.000001,16.700535, 0.000000, 1.000000;;
              }
              Frame Armature_mixamorig_LeftToe_End {
                FrameTransformMatrix {
                   1.000000,-0.000000,-0.000000, 0.000000,
                   0.000000, 1.000000, 0.000000, 0.000000,
                   0.000000,-0.000000, 1.000000, 0.000000,
                  -0.000001, 7.120428,-0.000000, 1.000000;;
                }
              } // End of Armature_mixamorig_LeftToe_End
            } // End of Armature_mixamorig_LeftToeBase
          } // End of Armature_mixamorig_LeftFoot
        } // End of Armature_mixamorig_LeftLeg
      } // End of Armature_mixamorig_LeftUpLeg
      Frame Armature_mixamorig_RightUpLeg {
        FrameTransformMatrix {
          -0.964572,-0.134845,-0.226740, 0.000000,
          -0.085522,-0.653270, 0.752236, 0.000000,
          -0.249572, 0.745021, 0.618554, 0.000000,
          -9.857700,-5.875897,-0.583699, 1.000000;;
        }
        Frame Armature_mixamorig_RightLeg {
          FrameTransformMatrix {
             0.964442, 0.175917, 0.197244, 0.000000,
             0.073727, 0.537601,-0.839970, 0.000000,
            -0.253804, 0.824644, 0.505515, 0.000000,
            -0.000000,41.702000, 0.000002, 1.000000;;
          }
          Frame Armature_mixamorig_RightFoot {
            FrameTransformMatrix {
               0.987955,-0.153257, 0.021391, 0.000000,
               0.073148, 0.584342, 0.808204, 0.000000,
              -0.136362,-0.796904, 0.588514, 0.000000,
               0.000000,36.981030,-0.000001, 1.000000;;
            }
            Frame Armature_mixamorig_RightToeBase {
              FrameTransformMatrix {
                 0.998307, 0.038627, 0.043482, 0.000000,
                -0.057675, 0.753909, 0.654443, 0.000000,
                -0.007502,-0.655843, 0.754861, 0.000000,
                 0.000000,16.700539,-0.000000, 1.000000;;
              }
              Frame Armature_mixamorig_RightToe_End {
                FrameTransformMatrix {
                   1.000000,-0.000000, 0.000000, 0.000000,
                   0.000000, 1.000000, 0.000000, 0.000000,
                  -0.000000,-0.000000, 1.000000, 0.000000,
                  -0.000000, 7.120426,-0.000000, 1.000000;;
                }
              } // End of Armature_mixamorig_RightToe_End
            } // End of Armature_mixamorig_RightToeBase
          } // End of Armature_mixamorig_RightFoot
        } // End of Armature_mixamorig_RightLeg
      } // End of Armature_mixamorig_RightUpLeg
      Frame Armature_mixamorig_Spine {
        FrameTransformMatrix {
           0.982879, 0.109659, 0.148064, 0.000000,
          -0.137657, 0.971193, 0.194510, 0.000000,
          -0.122469,-0.211562, 0.969661, 0.000000,
           0.017300,10.574792,-1.117199, 1.000000;;
        }
        Frame Armature_mixamorig_Spine1 {
          FrameTransformMatrix {
             0.997347,-0.016037, 0.071010, 0.000000,
             0.005333, 0.988907, 0.148440, 0.000000,
            -0.072603,-0.147667, 0.986369, 0.000000,
            -0.000001,12.405996,-0.000001, 1.000000;;
          }
          Frame Armature_mixamorig_Spine2 {
            FrameTransformMatrix {
               0.998598, 0.027665, 0.045131, 0.000000,
              -0.034552, 0.986550, 0.159766, 0.000000,
              -0.040104,-0.161102, 0.986123, 0.000000,
               0.000001,14.178307,-0.000002, 1.000000;;
            }
            Frame Armature_mixamorig_LeftShoulder {
              FrameTransformMatrix {
                 0.440758, 0.075089,-0.894480, 0.000000,
                 0.897150,-0.069297, 0.436256, 0.000000,
                -0.029226,-0.994766,-0.097909, 0.000000,
                 5.935001,13.670217,-1.662607, 1.000000;;
              }
              Frame Armature_mixamorig_LeftArm {
                FrameTransformMatrix {
                   0.880761, 0.143871, 0.451177, 0.000000,
                  -0.467349, 0.417873, 0.779081, 0.000000,
                  -0.076448,-0.897041, 0.435285, 0.000000,
                  -0.000001,12.607900,-0.000001, 1.000000;;
                }
                Frame Armature_mixamorig_LeftForeArm {
                  FrameTransformMatrix {
                     0.418149, 0.605468, 0.677171, 0.000000,
                    -0.870396, 0.480372, 0.107957, 0.000000,
                    -0.259929,-0.634549, 0.727863, 0.000000,
                     0.000001,25.574301,-0.000001, 1.000000;;
                  }
                  Frame Armature_mixamorig_LeftHand {
                    FrameTransformMatrix {
                       0.998497, 0.053527, 0.011786, 0.000000,
                      -0.052351, 0.995082,-0.084086, 0.000000,
                      -0.016229, 0.083343, 0.996389, 0.000000,
                      -0.000007,21.603405,-0.000002, 1.000000;;
                    }
                    Frame Armature_mixamorig_LeftHandIndex1 {
                      FrameTransformMatrix {
                         0.977114,-0.196830, 0.080657, 0.000000,
                        -0.031329, 0.241880, 0.969801, 0.000000,
                        -0.210395,-0.950133, 0.230178, 0.000000,
                        -2.341895, 9.909708,-0.291395, 1.000000;;
                      }
                      Frame Armature_mixamorig_LeftHandIndex2 {
                        FrameTransformMatrix {
                           0.998469,-0.053427, 0.014314, 0.000000,
                           0.026056, 0.682613, 0.730315, 0.000000,
                          -0.048789,-0.728824, 0.682961, 0.000000,
                          -0.000005, 3.776707, 0.000002, 1.000000;;
                        }
                        Frame Armature_mixamorig_LeftHandIndex3 {
                          FrameTransformMatrix {
                             0.996541,-0.006350, 0.082862, 0.000000,
                            -0.080017, 0.195951, 0.977344, 0.000000,
                            -0.022443,-0.980593, 0.194765, 0.000000,
                            -0.000000, 2.543005, 0.000002, 1.000000;;
                          }
                          Frame Armature_mixamorig_LeftHandIndex4 {
                            FrameTransformMatrix {
                               1.000000,-0.000000, 0.000000, 0.000000,
                              -0.000000, 1.000000,-0.000000, 0.000000,
                               0.000000, 0.000000, 1.000000, 0.000000,
                               0.000000, 2.529097,-0.000001, 1.000000;;
                            }
                          } // End of Armature_mixamorig_LeftHandIndex4
                        } // End of Armature_mixamorig_LeftHandIndex3
                      } // End of Armature_mixamorig_LeftHandIndex2
                    } // End of Armature_mixamorig_LeftHandIndex1
                    Frame Armature_mixamorig_LeftHandMiddle1 {
                      FrameTransformMatrix {
                         0.958117,-0.285110,-0.026918, 0.000000,
                         0.054329, 0.088675, 0.994578, 0.000000,
                        -0.281177,-0.954384, 0.100450, 0.000000,
                         0.000007, 9.700808, 0.000001, 1.000000;;
                      }
                      Frame Armature_mixamorig_LeftHandMiddle2 {
                        FrameTransformMatrix {
                           1.000000,-0.000124,-0.000122, 0.000000,
                           0.000153, 0.294292, 0.955715, 0.000000,
                          -0.000083,-0.955715, 0.294292, 0.000000,
                          -0.000001, 4.014606, 0.000000, 1.000000;;
                        }
                        Frame Armature_mixamorig_LeftHandMiddle3 {
                          FrameTransformMatrix {
                             0.999742, 0.001702, 0.022647, 0.000000,
                            -0.009324, 0.940029, 0.340966, 0.000000,
                            -0.020708,-0.341089, 0.939803, 0.000000,
                            -0.000006, 2.996700,-0.000001, 1.000000;;
                          }
                          Frame Armature_mixamorig_LeftHandMiddle4 {
                            FrameTransformMatrix {
                               1.000000,-0.000000,-0.000000, 0.000000,
                               0.000000, 1.000000, 0.000000, 0.000000,
                              -0.000000,-0.000000, 1.000000, 0.000000,
                              -0.000002, 2.824997, 0.000002, 1.000000;;
                            }
                          } // End of Armature_mixamorig_LeftHandMiddle4
                        } // End of Armature_mixamorig_LeftHandMiddle3
                      } // End of Armature_mixamorig_LeftHandMiddle2
                    } // End of Armature_mixamorig_LeftHandMiddle1
                    Frame Armature_mixamorig_LeftHandPinky1 {
                      FrameTransformMatrix {
                         0.885457,-0.376568, 0.272327, 0.000000,
                        -0.275709, 0.046054, 0.960137, 0.000000,
                        -0.374099,-0.925244,-0.063044, 0.000000,
                         4.712706, 8.985506,-0.221600, 1.000000;;
                      }
                      Frame Armature_mixamorig_LeftHandPinky2 {
                        FrameTransformMatrix {
                           1.000000,-0.000173,-0.000076, 0.000000,
                           0.000156, 0.528034, 0.849223, 0.000000,
                          -0.000107,-0.849223, 0.528034, 0.000000,
                           0.000001, 3.562506, 0.000004, 1.000000;;
                        }
                        Frame Armature_mixamorig_LeftHandPinky3 {
                          FrameTransformMatrix {
                             1.000000,-0.000014,-0.000058, 0.000000,
                             0.000039, 0.896508, 0.443027, 0.000000,
                             0.000046,-0.443027, 0.896508, 0.000000,
                            -0.000003, 2.335215,-0.000000, 1.000000;;
                          }
                          Frame Armature_mixamorig_LeftHandPinky4 {
                            FrameTransformMatrix {
                               1.000000,-0.000000, 0.000000, 0.000000,
                               0.000000, 1.000000, 0.000000, 0.000000,
                              -0.000000,-0.000000, 1.000000, 0.000000,
                              -0.000002, 2.037292, 0.000002, 1.000000;;
                            }
                          } // End of Armature_mixamorig_LeftHandPinky4
                        } // End of Armature_mixamorig_LeftHandPinky3
                      } // End of Armature_mixamorig_LeftHandPinky2
                    } // End of Armature_mixamorig_LeftHandPinky1
                    Frame Armature_mixamorig_LeftHandRing1 {
                      FrameTransformMatrix {
                         0.913874,-0.392623, 0.103354, 0.000000,
                        -0.110605, 0.004176, 0.993856, 0.000000,
                        -0.390642,-0.919690,-0.039610, 0.000000,
                         2.241707, 9.308403,-0.143492, 1.000000;;
                      }
                      Frame Armature_mixamorig_LeftHandRing2 {
                        FrameTransformMatrix {
                           0.999858,-0.016820,-0.000124, 0.000000,
                           0.010681, 0.629189, 0.777179, 0.000000,
                          -0.012995,-0.777071, 0.629279, 0.000000,
                          -0.000000, 4.019397,-0.000002, 1.000000;;
                        }
                        Frame Armature_mixamorig_LeftHandRing3 {
                          FrameTransformMatrix {
                             0.982372,-0.146133,-0.116577, 0.000000,
                             0.186904, 0.756279, 0.626985, 0.000000,
                            -0.003459,-0.637721, 0.770260, 0.000000,
                             0.000003, 2.790811,-0.000001, 1.000000;;
                          }
                          Frame Armature_mixamorig_LeftHandRing4 {
                            FrameTransformMatrix {
                               1.000000, 0.000000,-0.000000, 0.000000,
                              -0.000000, 1.000000, 0.000000, 0.000000,
                               0.000000, 0.000000, 1.000000, 0.000000,
                               0.000000, 2.540701,-0.000001, 1.000000;;
                            }
                          } // End of Armature_mixamorig_LeftHandRing4
                        } // End of Armature_mixamorig_LeftHandRing3
                      } // End of Armature_mixamorig_LeftHandRing2
                    } // End of Armature_mixamorig_LeftHandRing1
                    Frame Armature_mixamorig_LeftHandThumb1 {
                      FrameTransformMatrix {
                         0.863207, 0.480743, 0.154146, 0.000000,
                        -0.490636, 0.726896, 0.480520, 0.000000,
                         0.118958,-0.490417, 0.863331, 0.000000,
                        -2.370399, 3.545606, 1.908197, 1.000000;;
                      }
                      Frame Armature_mixamorig_LeftHandThumb2 {
                        FrameTransformMatrix {
                           0.784905,-0.564330,-0.255843, 0.000000,
                           0.608401, 0.780135, 0.145729, 0.000000,
                           0.117353,-0.270038, 0.955671, 0.000000,
                          -0.000000, 2.808396,-0.000006, 1.000000;;
                        }
                        Frame Armature_mixamorig_LeftHandThumb3 {
                          FrameTransformMatrix {
                             0.331089,-0.274571,-0.902768, 0.000000,
                             0.851866, 0.498459, 0.160817, 0.000000,
                             0.405837,-0.822283, 0.398932, 0.000000,
                             0.000010, 2.379005,-0.000002, 1.000000;;
                          }
                          Frame Armature_mixamorig_LeftHandThumb4 {
                            FrameTransformMatrix {
                               1.000000, 0.000000,-0.000000, 0.000000,
                              -0.000000, 1.000000, 0.000000, 0.000000,
                              -0.000000,-0.000000, 1.000000, 0.000000,
                               0.000003, 2.445009, 0.000007, 1.000000;;
                            }
                          } // End of Armature_mixamorig_LeftHandThumb4
                        } // End of Armature_mixamorig_LeftHandThumb3
                      } // End of Armature_mixamorig_LeftHandThumb2
                    } // End of Armature_mixamorig_LeftHandThumb1
                  } // End of Armature_mixamorig_LeftHand
                  Frame Armature_mixamorig_Shield_joint {
                    FrameTransformMatrix {
                       0.000000, 1.000000,-0.000000, 0.000000,
                       0.000000,-0.000000,-1.000000, 0.000000,
                      -1.000000, 0.000000,-0.000000, 0.000000,
                       0.398195,14.663404,-5.648606, 1.000000;;
                    }
                  } // End of Armature_mixamorig_Shield_joint
                } // End of Armature_mixamorig_LeftForeArm
              } // End of Armature_mixamorig_LeftArm
            } // End of Armature_mixamorig_LeftShoulder
            Frame Armature_mixamorig_Neck {
              FrameTransformMatrix {
                 0.992548,-0.121474,-0.009627, 0.000000,
                 0.107604, 0.910803,-0.398572, 0.000000,
                 0.057184, 0.394566, 0.917087, 0.000000,
                 0.024402,15.862313,-1.675811, 1.000000;;
              }
              Frame Armature_mixamorig_Head {
                FrameTransformMatrix {
                   0.936035,-0.054206,-0.347708, 0.000000,
                   0.045407, 0.998410,-0.033412, 0.000000,
                   0.348966, 0.015487, 0.937007, 0.000000,
                   0.000000, 5.564000, 0.988098, 1.000000;;
                }
                Frame Armature_mixamorig_HeadTop_End {
                  FrameTransformMatrix {
                     1.000000, 0.000000, 0.000000, 0.000000,
                     0.000000, 1.000000,-0.000000, 0.000000,
                     0.000000, 0.000000, 1.000000, 0.000000,
                     0.000000,18.311913, 3.086900, 1.000000;;
                  }
                } // End of Armature_mixamorig_HeadTop_End
                Frame Armature_mixamorig_LeftEye {
                  FrameTransformMatrix {
                    -0.000000, 0.000000,-1.000000, 0.000000,
                     1.000000,-0.000000,-0.000000, 0.000000,
                    -0.000000,-1.000000,-0.000000, 0.000000,
                     2.284400, 7.935707, 7.063704, 1.000000;;
                  }
                } // End of Armature_mixamorig_LeftEye
                Frame Armature_mixamorig_RightEye {
                  FrameTransformMatrix {
                     0.000000,-0.000000, 1.000000, 0.000000,
                    -1.000000, 0.000000,-0.000000, 0.000000,
                    -0.000000,-1.000000,-0.000000, 0.000000,
                    -2.377499, 7.935715, 7.063702, 1.000000;;
                  }
                } // End of Armature_mixamorig_RightEye
              } // End of Armature_mixamorig_Head
            } // End of Armature_mixamorig_Neck
            Frame Armature_mixamorig_RightShoulder {
              FrameTransformMatrix {
                 0.465014,-0.157853, 0.871117, 0.000000,
                -0.811701, 0.316787, 0.490701, 0.000000,
                -0.353417,-0.935269, 0.019181, 0.000000,
                -5.979199,13.670218,-1.662608, 1.000000;;
              }
              Frame Armature_mixamorig_RightArm {
                FrameTransformMatrix {
                   0.536457,-0.221975,-0.814212, 0.000000,
                   0.843763, 0.160140, 0.512269, 0.000000,
                   0.016677,-0.961812, 0.273203, 0.000000,
                  -0.000001,12.607896, 0.000006, 1.000000;;
                }
                Frame Armature_mixamorig_RightForeArm {
                  FrameTransformMatrix {
                     0.678534,-0.684221,-0.267270, 0.000000,
                     0.720116, 0.691411, 0.058163, 0.000000,
                     0.144997,-0.231931, 0.961865, 0.000000,
                     0.000003,25.574287, 0.000003, 1.000000;;
                  }
                  Frame Armature_mixamorig_RightHand {
                    FrameTransformMatrix {
                       0.976404,-0.212600,-0.037909, 0.000000,
                       0.214351, 0.932759, 0.289853, 0.000000,
                      -0.026263,-0.291139, 0.956320, 0.000000,
                      -0.000011,21.603508, 0.000001, 1.000000;;
                    }
                    Frame Armature_mixamorig_RightHandIndex1 {
                      FrameTransformMatrix {
                         0.955902, 0.006786, 0.293609, 0.000000,
                        -0.160770, 0.848727, 0.503802, 0.000000,
                        -0.245775,-0.528788, 0.812390, 0.000000,
                         2.341895, 9.909595,-0.291403, 1.000000;;
                      }
                      Frame Armature_mixamorig_RightHandIndex2 {
                        FrameTransformMatrix {
                           0.999981, 0.004726,-0.003921, 0.000000,
                           0.005446,-0.387696, 0.921771, 0.000000,
                           0.002836,-0.921775,-0.387715, 0.000000,
                           0.000006, 3.776702,-0.000004, 1.000000;;
                        }
                        Frame Armature_mixamorig_RightHandIndex3 {
                          FrameTransformMatrix {
                             0.999427, 0.020332, 0.027057, 0.000000,
                            -0.031854, 0.835205, 0.549015, 0.000000,
                            -0.011435,-0.549563, 0.835374, 0.000000,
                            -0.000002, 2.542995,-0.000000, 1.000000;;
                          }
                          Frame Armature_mixamorig_RightHandIndex4 {
                            FrameTransformMatrix {
                               1.000000,-0.000000,-0.000000, 0.000000,
                              -0.000000, 1.000000, 0.000000, 0.000000,
                               0.000000, 0.000000, 1.000000, 0.000000,
                               0.000004, 2.529005,-0.000001, 1.000000;;
                            }
                          } // End of Armature_mixamorig_RightHandIndex4
                        } // End of Armature_mixamorig_RightHandIndex3
                      } // End of Armature_mixamorig_RightHandIndex2
                    } // End of Armature_mixamorig_RightHandIndex1
                    Frame Armature_mixamorig_RightHandMiddle1 {
                      FrameTransformMatrix {
                         0.983382, 0.087532, 0.159056, 0.000000,
                        -0.136686,-0.219644, 0.965957, 0.000000,
                         0.119488,-0.971645,-0.204029, 0.000000,
                        -0.000006, 9.700596,-0.000004, 1.000000;;
                      }
                      Frame Armature_mixamorig_RightHandMiddle2 {
                        FrameTransformMatrix {
                           1.000000, 0.000113, 0.000130, 0.000000,
                          -0.000168, 0.484527, 0.874776, 0.000000,
                           0.000035,-0.874776, 0.484527, 0.000000,
                          -0.000002, 4.014598, 0.000001, 1.000000;;
                        }
                        Frame Armature_mixamorig_RightHandMiddle3 {
                          FrameTransformMatrix {
                             0.999449,-0.006175, 0.032617, 0.000000,
                            -0.011750, 0.853137, 0.521555, 0.000000,
                            -0.031048,-0.521651, 0.852594, 0.000000,
                             0.000001, 2.996702,-0.000001, 1.000000;;
                          }
                          Frame Armature_mixamorig_RightHandMiddle4 {
                            FrameTransformMatrix {
                               1.000000, 0.000000, 0.000000, 0.000000,
                               0.000000, 1.000000,-0.000000, 0.000000,
                              -0.000000,-0.000000, 1.000000, 0.000000,
                               0.000008, 2.824989,-0.000003, 1.000000;;
                            }
                          } // End of Armature_mixamorig_RightHandMiddle4
                        } // End of Armature_mixamorig_RightHandMiddle3
                      } // End of Armature_mixamorig_RightHandMiddle2
                    } // End of Armature_mixamorig_RightHandMiddle1
                    Frame Armature_mixamorig_RightHandPinky1 {
                      FrameTransformMatrix {
                         0.949487, 0.294604, 0.108087, 0.000000,
                        -0.070055,-0.136751, 0.988125, 0.000000,
                         0.305887,-0.945784,-0.109205, 0.000000,
                        -4.712811, 8.985295,-0.221705, 1.000000;;
                      }
                      Frame Armature_mixamorig_RightHandPinky2 {
                        FrameTransformMatrix {
                           1.000000, 0.000098, 0.000058, 0.000000,
                          -0.000111, 0.721207, 0.692719, 0.000000,
                           0.000026,-0.692719, 0.721207, 0.000000,
                          -0.000003, 3.562503, 0.000002, 1.000000;;
                        }
                        Frame Armature_mixamorig_RightHandPinky3 {
                          FrameTransformMatrix {
                             1.000000, 0.000217, 0.000077, 0.000000,
                            -0.000181, 0.533547, 0.845770, 0.000000,
                             0.000142,-0.845770, 0.533547, 0.000000,
                             0.000002, 2.335199,-0.000001, 1.000000;;
                          }
                          Frame Armature_mixamorig_RightHandPinky4 {
                            FrameTransformMatrix {
                               1.000000, 0.000000,-0.000000, 0.000000,
                              -0.000000, 1.000000,-0.000000, 0.000000,
                               0.000000, 0.000000, 1.000000, 0.000000,
                              -0.000003, 2.037296,-0.000001, 1.000000;;
                            }
                          } // End of Armature_mixamorig_RightHandPinky4
                        } // End of Armature_mixamorig_RightHandPinky3
                      } // End of Armature_mixamorig_RightHandPinky2
                    } // End of Armature_mixamorig_RightHandPinky1
                    Frame Armature_mixamorig_RightHandRing1 {
                      FrameTransformMatrix {
                         0.983271, 0.155078, 0.095547, 0.000000,
                        -0.046354,-0.294245, 0.954605, 0.000000,
                         0.176152,-0.943065,-0.282134, 0.000000,
                        -2.241706, 9.308301,-0.143598, 1.000000;;
                      }
                      Frame Armature_mixamorig_RightHandRing2 {
                        FrameTransformMatrix {
                           0.999955,-0.000067, 0.009501, 0.000000,
                          -0.006216, 0.751682, 0.659496, 0.000000,
                          -0.007186,-0.659526, 0.751648, 0.000000,
                           0.000008, 4.019389, 0.000000, 1.000000;;
                        }
                        Frame Armature_mixamorig_RightHandRing3 {
                          FrameTransformMatrix {
                             0.999808,-0.014821, 0.012804, 0.000000,
                            -0.000667, 0.627594, 0.778540, 0.000000,
                            -0.019574,-0.778400, 0.627464, 0.000000,
                             0.000011, 2.790816,-0.000002, 1.000000;;
                          }
                          Frame Armature_mixamorig_RightHandRing4 {
                            FrameTransformMatrix {
                               1.000000, 0.000000,-0.000000, 0.000000,
                               0.000000, 1.000000, 0.000000, 0.000000,
                              -0.000000, 0.000000, 1.000000, 0.000000,
                               0.000004, 2.540693,-0.000004, 1.000000;;
                            }
                          } // End of Armature_mixamorig_RightHandRing4
                        } // End of Armature_mixamorig_RightHandRing3
                      } // End of Armature_mixamorig_RightHandRing2
                    } // End of Armature_mixamorig_RightHandRing1
                    Frame Armature_mixamorig_RightHandThumb1 {
                      FrameTransformMatrix {
                         0.805908,-0.535842, 0.251765, 0.000000,
                         0.435422, 0.824585, 0.361201, 0.000000,
                        -0.401149,-0.181471, 0.897857, 0.000000,
                         2.370394, 3.545496, 1.908097, 1.000000;;
                      }
                      Frame Armature_mixamorig_RightHandThumb2 {
                        FrameTransformMatrix {
                           0.713099, 0.676888,-0.182516, 0.000000,
                          -0.613160, 0.728398, 0.305731, 0.000000,
                           0.339890,-0.106105, 0.934460, 0.000000,
                           0.000007, 2.808399,-0.000002, 1.000000;;
                        }
                        Frame Armature_mixamorig_RightHandThumb3 {
                          FrameTransformMatrix {
                             0.604596, 0.782570, 0.148485, 0.000000,
                            -0.796392, 0.597399, 0.094208, 0.000000,
                            -0.014981,-0.175210, 0.984417, 0.000000,
                            -0.000012, 2.378996, 0.000006, 1.000000;;
                          }
                          Frame Armature_mixamorig_RightHandThumb4 {
                            FrameTransformMatrix {
                               1.000000,-0.000000, 0.000000, 0.000000,
                               0.000000, 1.000000,-0.000000, 0.000000,
                              -0.000000, 0.000000, 1.000000, 0.000000,
                               0.000002, 2.444997, 0.000002, 1.000000;;
                            }
                          } // End of Armature_mixamorig_RightHandThumb4
                        } // End of Armature_mixamorig_RightHandThumb3
                      } // End of Armature_mixamorig_RightHandThumb2
                    } // End of Armature_mixamorig_RightHandThumb1
                    Frame Armature_mixamorig_Sword_joint {
                      FrameTransformMatrix {
                         0.000000,-1.000000,-0.000000, 0.000000,
                        -0.000000, 0.000000,-1.000000, 0.000000,
                         1.000000,-0.000000,-0.000000, 0.000000,
                        -0.770207, 7.959994, 2.820794, 1.000000;;
                      }
                    } // End of Armature_mixamorig_Sword_joint
                  } // End of Armature_mixamorig_RightHand
                } // End of Armature_mixamorig_RightForeArm
              } // End of Armature_mixamorig_RightArm
            } // End of Armature_mixamorig_RightShoulder
          } // End of Armature_mixamorig_Spine2
        } // End of Armature_mixamorig_Spine1
      } // End of Armature_mixamorig_Spine
    } // End of Armature_mixamorig_Hips
  } // End of Armature
} // End of Root
AnimationSet Global {
  Animation {
    {Armature}
    AnimationKey { // Rotation
      0;
      40;
      0;4;-0.707107, 0.707107, 0.000000, 0.000000;;,
      1;4;-0.707107, 0.707107, 0.000000, 0.000000;;,
      2;4;-0.707107, 0.707107, 0.000000, 0.000000;;,
      3;4;-0.707107, 0.707107, 0.000000, 0.000000;;,
      4;4;-0.707107, 0.707107, 0.000000, 0.000000;;,
      5;4;-0.707107, 0.707107, 0.000000, 0.000000;;,
      6;4;-0.707107, 0.707107, 0.000000, 0.000000;;,
      7;4;-0.707107, 0.707107, 0.000000, 0.000000;;,
      8;4;-0.707107, 0.707107, 0.000000, 0.000000;;,
      9;4;-0.707107, 0.707107, 0.000000, 0.000000;;,
      10;4;-0.707107, 0.707107, 0.000000, 0.000000;;,
      11;4;-0.707107, 0.707107, 0.000000, 0.000000;;,
      12;4;-0.707107, 0.707107, 0.000000, 0.000000;;,
      13;4;-0.707107, 0.707107, 0.000000, 0.000000;;,
      14;4;-0.707107, 0.707107, 0.000000, 0.000000;;,
      15;4;-0.707107, 0.707107, 0.000000, 0.000000;;,
      16;4;-0.707107, 0.707107, 0.000000, 0.000000;;,
      17;4;-0.707107, 0.707107, 0.000000, 0.000000;;,
      18;4;-0.707107, 0.707107, 0.000000, 0.000000;;,
      19;4;-0.707107, 0.707107, 0.000000, 0.000000;;,
      20;4;-0.707107, 0.707107, 0.000000, 0.000000;;,
      21;4;-0.707107, 0.707107, 0.000000, 0.000000;;,
      22;4;-0.707107, 0.707107, 0.000000, 0.000000;;,
      23;4;-0.707107, 0.707107, 0.000000, 0.000000;;,
      24;4;-0.707107, 0.707107, 0.000000, 0.000000;;,
      25;4;-0.707107, 0.707107, 0.000000, 0.000000;;,
      26;4;-0.707107, 0.707107, 0.000000, 0.000000;;,
      27;4;-0.707107, 0.707107, 0.000000, 0.000000;;,
      28;4;-0.707107, 0.707107, 0.000000, 0.000000;;,
      29;4;-0.707107, 0.707107, 0.000000, 0.000000;;,
      30;4;-0.707107, 0.707107, 0.000000, 0.000000;;,
      31;4;-0.707107, 0.707107, 0.000000, 0.000000;;,
      32;4;-0.707107, 0.707107, 0.000000, 0.000000;;,
      33;4;-0.707107, 0.707107, 0.000000, 0.000000;;,
      34;4;-0.707107, 0.707107, 0.000000, 0.000000;;,
      35;4;-0.707107, 0.707107, 0.000000, 0.000000;;,
      36;4;-0.707107, 0.707107, 0.000000, 0.000000;;,
      37;4;-0.707107, 0.707107, 0.000000, 0.000000;;,
      38;4;-0.707107, 0.707107, 0.000000, 0.000000;;,
      39;4;-0.707107, 0.707107, 0.000000, 0.000000;;;
    }
    AnimationKey { // Scale
      1;
      40;
      0;3; 0.010000, 0.010000, 0.010000;;,
      1;3; 0.010000, 0.010000, 0.010000;;,
      2;3; 0.010000, 0.010000, 0.010000;;,
      3;3; 0.010000, 0.010000, 0.010000;;,
      4;3; 0.010000, 0.010000, 0.010000;;,
      5;3; 0.010000, 0.010000, 0.010000;;,
      6;3; 0.010000, 0.010000, 0.010000;;,
      7;3; 0.010000, 0.010000, 0.010000;;,
      8;3; 0.010000, 0.010000, 0.010000;;,
      9;3; 0.010000, 0.010000, 0.010000;;,
      10;3; 0.010000, 0.010000, 0.010000;;,
      11;3; 0.010000, 0.010000, 0.010000;;,
      12;3; 0.010000, 0.010000, 0.010000;;,
      13;3; 0.010000, 0.010000, 0.010000;;,
      14;3; 0.010000, 0.010000, 0.010000;;,
      15;3; 0.010000, 0.010000, 0.010000;;,
      16;3; 0.010000, 0.010000, 0.010000;;,
      17;3; 0.010000, 0.010000, 0.010000;;,
      18;3; 0.010000, 0.010000, 0.010000;;,
      19;3; 0.010000, 0.010000, 0.010000;;,
      20;3; 0.010000, 0.010000, 0.010000;;,
      21;3; 0.010000, 0.010000, 0.010000;;,
      22;3; 0.010000, 0.010000, 0.010000;;,
      23;3; 0.010000, 0.010000, 0.010000;;,
      24;3; 0.010000, 0.010000, 0.010000;;,
      25;3; 0.010000, 0.010000, 0.010000;;,
      26;3; 0.010000, 0.010000, 0.010000;;,
      27;3; 0.010000, 0.010000, 0.010000;;,
      28;3; 0.010000, 0.010000, 0.010000;;,
      29;3; 0.010000, 0.010000, 0.010000;;,
      30;3; 0.010000, 0.010000, 0.010000;;,
      31;3; 0.010000, 0.010000, 0.010000;;,
      32;3; 0.010000, 0.010000, 0.010000;;,
      33;3; 0.010000, 0.010000, 0.010000;;,
      34;3; 0.010000, 0.010000, 0.010000;;,
      35;3; 0.010000, 0.010000, 0.010000;;,
      36;3; 0.010000, 0.010000, 0.010000;;,
      37;3; 0.010000, 0.010000, 0.010000;;,
      38;3; 0.010000, 0.010000, 0.010000;;,
      39;3; 0.010000, 0.010000, 0.010000;;;
    }
    AnimationKey { // Position
      2;
      40;
      0;3; 0.000000, 0.000000, 0.000000;;,
      1;3; 0.000000, 0.000000, 0.000000;;,
      2;3; 0.000000, 0.000000, 0.000000;;,
      3;3; 0.000000, 0.000000, 0.000000;;,
      4;3; 0.000000, 0.000000, 0.000000;;,
      5;3; 0.000000, 0.000000, 0.000000;;,
      6;3; 0.000000, 0.000000, 0.000000;;,
      7;3; 0.000000, 0.000000, 0.000000;;,
      8;3; 0.000000, 0.000000, 0.000000;;,
      9;3; 0.000000, 0.000000, 0.000000;;,
      10;3; 0.000000, 0.000000, 0.000000;;,
      11;3; 0.000000, 0.000000, 0.000000;;,
      12;3; 0.000000, 0.000000, 0.000000;;,
      13;3; 0.000000, 0.000000, 0.000000;;,
      14;3; 0.000000, 0.000000, 0.000000;;,
      15;3; 0.000000, 0.000000, 0.000000;;,
      16;3; 0.000000, 0.000000, 0.000000;;,
      17;3; 0.000000, 0.000000, 0.000000;;,
      18;3; 0.000000, 0.000000, 0.000000;;,
      19;3; 0.000000, 0.000000, 0.000000;;,
      20;3; 0.000000, 0.000000, 0.000000;;,
      21;3; 0.000000, 0.000000, 0.000000;;,
      22;3; 0.000000, 0.000000, 0.000000;;,
      23;3; 0.000000, 0.000000, 0.000000;;,
      24;3; 0.000000, 0.000000, 0.000000;;,
      25;3; 0.000000, 0.000000, 0.000000;;,
      26;3; 0.000000, 0.000000, 0.000000;;,
      27;3; 0.000000, 0.000000, 0.000000;;,
      28;3; 0.000000, 0.000000, 0.000000;;,
      29;3; 0.000000, 0.000000, 0.000000;;,
      30;3; 0.000000, 0.000000, 0.000000;;,
      31;3; 0.000000, 0.000000, 0.000000;;,
      32;3; 0.000000, 0.000000, 0.000000;;,
      33;3; 0.000000, 0.000000, 0.000000;;,
      34;3; 0.000000, 0.000000, 0.000000;;,
      35;3; 0.000000, 0.000000, 0.000000;;,
      36;3; 0.000000, 0.000000, 0.000000;;,
      37;3; 0.000000, 0.000000, 0.000000;;,
      38;3; 0.000000, 0.000000, 0.000000;;,
      39;3; 0.000000, 0.000000, 0.000000;;;
    }
  }
  Animation {
    {Armature_mixamorig_Hips}
    AnimationKey { // Rotation
      0;
      40;
      0;4;-0.973529, 0.027514,-0.226742, 0.008513;;,
      1;4;-0.975892, 0.024973,-0.216737, 0.006048;;,
      2;4;-0.977053, 0.022900,-0.211737, 0.003359;;,
      3;4;-0.977951, 0.020518,-0.207824, 0.000646;;,
      4;4;-0.979103, 0.017815,-0.202574,-0.001965;;,
      5;4;-0.980915, 0.014761,-0.193818,-0.004817;;,
      6;4;-0.983143, 0.010751,-0.182421,-0.006134;;,
      7;4;-0.985105, 0.005928,-0.171791,-0.004656;;,
      8;4;-0.986355, 0.001681,-0.164626, 0.000205;;,
      9;4;-0.987152, 0.000054,-0.159610, 0.007463;;,
      10;4;-0.988149, 0.002151,-0.152761, 0.014852;;,
      11;4;-0.989495, 0.007227,-0.143018, 0.019846;;,
      12;4;-0.990517, 0.013573,-0.135064, 0.021195;;,
      13;4;-0.990364, 0.019931,-0.135643, 0.019569;;,
      14;4;-0.988721, 0.025713,-0.146576, 0.016907;;,
      15;4;-0.985953, 0.030734,-0.163482, 0.015051;;,
      16;4;-0.982815, 0.035110,-0.180637, 0.014541;;,
      17;4;-0.979889, 0.038761,-0.195201, 0.014554;;,
      18;4;-0.977314, 0.041126,-0.207294, 0.013992;;,
      19;4;-0.974944, 0.041786,-0.218125, 0.012658;;,
      20;4;-0.972514, 0.040966,-0.228930, 0.011362;;,
      21;4;-0.969614, 0.039152,-0.241242, 0.010887;;,
      22;4;-0.965744, 0.036775,-0.256637, 0.011102;;,
      23;4;-0.960700, 0.034494,-0.275203, 0.011380;;,
      24;4;-0.954932, 0.033238,-0.294733, 0.011471;;,
      25;4;-0.949468, 0.033508,-0.311833, 0.012163;;,
      26;4;-0.945569, 0.035790,-0.323222, 0.012092;;,
      27;4;-0.944028, 0.039589,-0.327311, 0.010519;;,
      28;4;-0.945155, 0.043652,-0.323597, 0.007812;;,
      29;4;-0.948835, 0.046913,-0.312230, 0.004873;;,
      30;4;-0.954253, 0.048636,-0.295001, 0.003252;;,
      31;4;-0.959738, 0.048632,-0.276638, 0.003058;;,
      32;4;-0.963662, 0.047053,-0.262926, 0.003456;;,
      33;4;-0.965530, 0.044451,-0.256432, 0.004368;;,
      34;4;-0.966144, 0.041734,-0.254521, 0.006497;;,
      35;4;-0.966906, 0.039533,-0.251861, 0.009829;;,
      36;4;-0.968578, 0.037620,-0.245518, 0.012740;;,
      37;4;-0.970775, 0.035225,-0.237020, 0.013263;;,
      38;4;-0.972704, 0.031733,-0.229588, 0.011332;;,
      39;4;-0.973529, 0.027514,-0.226742, 0.008513;;;
    }
    AnimationKey { // Scale
      1;
      40;
      0;3; 1.000000, 1.000000, 1.000000;;,
      1;3; 1.000000, 1.000000, 1.000000;;,
      2;3; 1.000000, 1.000000, 1.000000;;,
      3;3; 1.000000, 1.000000, 1.000000;;,
      4;3; 1.000000, 1.000000, 1.000000;;,
      5;3; 1.000000, 1.000000, 1.000000;;,
      6;3; 1.000000, 1.000000, 1.000000;;,
      7;3; 1.000000, 1.000000, 1.000000;;,
      8;3; 1.000000, 1.000000, 1.000000;;,
