xof 0303txt 0032

template XSkinMeshHeader {
  <3cf169ce-ff7c-44ab-93c0-f78f62d172e2>
  WORD nMaxSkinWeightsPerVertex;
  WORD nMaxSkinWeightsPerFace;
  WORD nBones;
}

template SkinWeights {
  <6f0d123b-bad2-4167-a0d0-80224f25fabb>
  STRING transformNodeName;
  DWORD nWeights;
  array DWORD vertexIndices[nWeights];
  array float weights[nWeights];
  Matrix4x4 matrixOffset;
}

Frame Root {
  FrameTransformMatrix {
     1.000000, 0.000000, 0.000000, 0.000000,
     0.000000,-0.000000,-1.000000, 0.000000,
     0.000000, 1.000000,-0.000000, 0.000000,
     0.000000, 0.000000, 0.000000, 1.000000;;
  }
  Frame Armature {
    FrameTransformMatrix {
       0.010000, 0.000000, 0.000000, 0.000000,
       0.000000,-0.000000, 0.010000, 0.000000,
       0.000000,-0.010000,-0.000000, 0.000000,
       0.000000, 0.000000, 0.000000, 1.000000;;
    }
    Frame Armature_mixamorig_Hips {
      FrameTransformMatrix {
         0.992208,-0.124288,-0.008677, 0.000000,
         0.120682, 0.941442, 0.314836, 0.000000,
        -0.030961,-0.313430, 0.949106, 0.000000,
        -1.549986,84.102142,-2.055695, 1.000000;;
      }
      Frame Armature_mixamorig_LeftUpLeg {
        FrameTransformMatrix {
          -0.971333,-0.122059, 0.203984, 0.000000,
           0.131753,-0.990679, 0.034583, 0.000000,
           0.197874, 0.060468, 0.978302, 0.000000,
           9.789102,-5.875901,-0.583704, 1.000000;;
        }
        Frame Armature_mixamorig_LeftLeg {
          FrameTransformMatrix {
             0.998527,-0.024542,-0.048382, 0.000000,
            -0.013166, 0.755535,-0.654976, 0.000000,
             0.052629, 0.654649, 0.754099, 0.000000,
            -0.000001,41.701992, 0.000001, 1.000000;;
          }
          Frame Armature_mixamorig_LeftFoot {
            FrameTransformMatrix {
               0.954328,-0.269344,-0.129273, 0.000000,
               0.267122, 0.575462, 0.772974, 0.000000,
              -0.133805,-0.772203, 0.621127, 0.000000,
              -0.000001,36.981026, 0.000001, 1.000000;;
            }
            Frame Armature_mixamorig_LeftToeBase {
              FrameTransformMatrix {
                 0.968346, 0.233352,-0.088613, 0.000000,
                 0.068653, 0.092328, 0.993359, 0.000000,
                 0.239984,-0.967999, 0.073385, 0.000000,
                -0.000001,16.700537, 0.000002, 1.000000;;
              }
              Frame Armature_mixamorig_LeftToe_End {
                FrameTransformMatrix {
                   1.000000,-0.000000,-0.000000, 0.000000,
                   0.000000, 1.000000, 0.000000, 0.000000,
                   0.000000,-0.000000, 1.000000, 0.000000,
                  -0.000001, 7.120430,-0.000000, 1.000000;;
                }
              } // End of Armature_mixamorig_LeftToe_End
            } // End of Armature_mixamorig_LeftToeBase
          } // End of Armature_mixamorig_LeftFoot
        } // End of Armature_mixamorig_LeftLeg
      } // End of Armature_mixamorig_LeftUpLeg
      Frame Armature_mixamorig_RightUpLeg {
        FrameTransformMatrix {
          -0.975258,-0.182512, 0.124735, 0.000000,
           0.200255,-0.490333, 0.848167, 0.000000,
          -0.093644, 0.852211, 0.514717, 0.000000,
          -9.857698,-5.875894,-0.583704, 1.000000;;
        }
        Frame Armature_mixamorig_RightLeg {
          FrameTransformMatrix {
             0.998935, 0.006573,-0.045658, 0.000000,
            -0.039364, 0.637494,-0.769449, 0.000000,
             0.024049, 0.770427, 0.637074, 0.000000,
             0.000000,41.702000,-0.000002, 1.000000;;
          }
          Frame Armature_mixamorig_RightFoot {
            FrameTransformMatrix {
               0.994857,-0.078234, 0.064336, 0.000000,
              -0.022829, 0.445634, 0.894924, 0.000000,
              -0.098683,-0.891790, 0.441556, 0.000000,
              -0.000000,36.981026,-0.000001, 1.000000;;
            }
            Frame Armature_mixamorig_RightToeBase {
              FrameTransformMatrix {
                 0.999294,-0.023564, 0.029253, 0.000000,
                -0.003150, 0.723466, 0.690353, 0.000000,
                -0.037431,-0.689958, 0.722881, 0.000000,
                 0.000000,16.700539, 0.000000, 1.000000;;
              }
              Frame Armature_mixamorig_RightToe_End {
                FrameTransformMatrix {
                   1.000000, 0.000000, 0.000000, 0.000000,
                  -0.000000, 1.000000, 0.000000, 0.000000,
                  -0.000000,-0.000000, 1.000000, 0.000000,
                   0.000000, 7.120428,-0.000000, 1.000000;;
                }
              } // End of Armature_mixamorig_RightToe_End
            } // End of Armature_mixamorig_RightToeBase
          } // End of Armature_mixamorig_RightFoot
        } // End of Armature_mixamorig_RightLeg
      } // End of Armature_mixamorig_RightUpLeg
      Frame Armature_mixamorig_Spine {
        FrameTransformMatrix {
           0.985152, 0.106171, 0.134919, 0.000000,
          -0.099268, 0.993431,-0.056925, 0.000000,
          -0.140076, 0.042687, 0.989220, 0.000000,
           0.017301,10.574801,-1.117205, 1.000000;;
        }
        Frame Armature_mixamorig_Spine1 {
          FrameTransformMatrix {
             0.998517, 0.034439, 0.042162, 0.000000,
            -0.036279, 0.998387, 0.043676, 0.000000,
            -0.040590,-0.045141, 0.998156, 0.000000,
             0.000001,12.405990,-0.000003, 1.000000;;
          }
          Frame Armature_mixamorig_Spine2 {
            FrameTransformMatrix {
               0.998516, 0.035548, 0.041248, 0.000000,
              -0.041292, 0.988124, 0.148005, 0.000000,
              -0.035497,-0.149488, 0.988126, 0.000000,
              -0.000001,14.178315,-0.000002, 1.000000;;
            }
            Frame Armature_mixamorig_LeftShoulder {
              FrameTransformMatrix {
                 0.194852, 0.010508,-0.980776, 0.000000,
                 0.938977,-0.290992, 0.183429, 0.000000,
                -0.283470,-0.956668,-0.066567, 0.000000,
                 5.934999,13.670196,-1.662616, 1.000000;;
              }
              Frame Armature_mixamorig_LeftArm {
                FrameTransformMatrix {
                   0.988251, 0.120662, 0.093813, 0.000000,
                  -0.152756, 0.800110, 0.580077, 0.000000,
                  -0.005068,-0.587592, 0.809141, 0.000000,
                   0.000004,12.607899, 0.000008, 1.000000;;
                }
                Frame Armature_mixamorig_LeftForeArm {
                  FrameTransformMatrix {
                    -0.470325, 0.882493, 0.000003, 0.000000,
                    -0.882493,-0.470325, 0.000001, 0.000000,
                     0.000003,-0.000002, 1.000000, 0.000000,
                     0.000006,25.574303,-0.000003, 1.000000;;
                  }
                  Frame Armature_mixamorig_LeftHand {
                    FrameTransformMatrix {
                       0.956722, 0.276569,-0.090509, 0.000000,
                      -0.277562, 0.960706, 0.001677, 0.000000,
                       0.087416, 0.023517, 0.995894, 0.000000,
                       0.000006,21.603405, 0.000006, 1.000000;;
                    }
                    Frame Armature_mixamorig_LeftHandIndex1 {
                      FrameTransformMatrix {
                         0.999869, 0.013117, 0.009458, 0.000000,
                        -0.016110, 0.757143, 0.653050, 0.000000,
                         0.001405,-0.653117, 0.757256, 0.000000,
                        -2.341909, 9.909704,-0.291399, 1.000000;;
                      }
                      Frame Armature_mixamorig_LeftHandIndex2 {
                        FrameTransformMatrix {
                           0.997911,-0.061289,-0.020443, 0.000000,
                           0.061289, 0.797885, 0.599685, 0.000000,
                          -0.020443,-0.599686, 0.799975, 0.000000,
                          -0.000002, 3.776703, 0.000001, 1.000000;;
                        }
                        Frame Armature_mixamorig_LeftHandIndex3 {
                          FrameTransformMatrix {
                             0.997914,-0.061243,-0.020409, 0.000000,
                             0.061243, 0.798221, 0.599243, 0.000000,
                            -0.020409,-0.599243, 0.800307, 0.000000,
                             0.000002, 2.543000, 0.000007, 1.000000;;
                          }
                          Frame Armature_mixamorig_LeftHandIndex4 {
                            FrameTransformMatrix {
                               1.000000,-0.000000,-0.000000, 0.000000,
                              -0.000000, 1.000000,-0.000000, 0.000000,
                              -0.000000, 0.000000, 1.000000, 0.000000,
                               0.000008, 2.529100, 0.000000, 1.000000;;
                            }
                          } // End of Armature_mixamorig_LeftHandIndex4
                        } // End of Armature_mixamorig_LeftHandIndex3
                      } // End of Armature_mixamorig_LeftHandIndex2
                    } // End of Armature_mixamorig_LeftHandIndex1
                    Frame Armature_mixamorig_LeftHandMiddle1 {
                      FrameTransformMatrix {
                         0.993514,-0.110211,-0.027982, 0.000000,
                         0.097207, 0.695547, 0.711874, 0.000000,
                        -0.058993,-0.709977, 0.701749, 0.000000,
                         0.000002, 9.700802,-0.000000, 1.000000;;
                      }
                      Frame Armature_mixamorig_LeftHandMiddle2 {
                        FrameTransformMatrix {
                           0.997290,-0.068626,-0.026516, 0.000000,
                           0.068626, 0.737840, 0.671478, 0.000000,
                          -0.026516,-0.671478, 0.740550, 0.000000,
                          -0.000001, 4.014601,-0.000006, 1.000000;;
                        }
                        Frame Armature_mixamorig_LeftHandMiddle3 {
                          FrameTransformMatrix {
                             0.997294,-0.068585,-0.026479, 0.000000,
                             0.068585, 0.738210, 0.671075, 0.000000,
                            -0.026479,-0.671075, 0.740917, 0.000000,
                             0.000008, 2.996705, 0.000000, 1.000000;;
                          }
                          Frame Armature_mixamorig_LeftHandMiddle4 {
                            FrameTransformMatrix {
                               1.000000,-0.000000, 0.000000, 0.000000,
                               0.000000, 1.000000, 0.000000, 0.000000,
                               0.000000, 0.000000, 1.000000, 0.000000,
                              -0.000005, 2.825007,-0.000002, 1.000000;;
                            }
                          } // End of Armature_mixamorig_LeftHandMiddle4
                        } // End of Armature_mixamorig_LeftHandMiddle3
                      } // End of Armature_mixamorig_LeftHandMiddle2
                    } // End of Armature_mixamorig_LeftHandMiddle1
                    Frame Armature_mixamorig_LeftHandPinky1 {
                      FrameTransformMatrix {
                         0.940857,-0.305171,-0.147173, 0.000000,
                         0.296001, 0.529042, 0.795297, 0.000000,
                        -0.164841,-0.791824, 0.588084, 0.000000,
                         4.712699, 8.985502,-0.221602, 1.000000;;
                      }
                      Frame Armature_mixamorig_LeftHandPinky2 {
                        FrameTransformMatrix {
                           0.995921,-0.080921,-0.039910, 0.000000,
                           0.080921, 0.605423, 0.791779, 0.000000,
                          -0.039909,-0.791779, 0.609502, 0.000000,
                          -0.000011, 3.562504, 0.000002, 1.000000;;
                        }
                        Frame Armature_mixamorig_LeftHandPinky3 {
                          FrameTransformMatrix {
                             0.995924,-0.080901,-0.039884, 0.000000,
                             0.080901, 0.605680, 0.791585, 0.000000,
                            -0.039883,-0.791585, 0.609756, 0.000000,
                             0.000000, 2.335201, 0.000000, 1.000000;;
                          }
                          Frame Armature_mixamorig_LeftHandPinky4 {
                            FrameTransformMatrix {
                               1.000000, 0.000000,-0.000000, 0.000000,
                              -0.000000, 1.000000,-0.000000, 0.000000,
                              -0.000000, 0.000000, 1.000000, 0.000000,
                               0.000001, 2.037282,-0.000009, 1.000000;;
                            }
                          } // End of Armature_mixamorig_LeftHandPinky4
                        } // End of Armature_mixamorig_LeftHandPinky3
                      } // End of Armature_mixamorig_LeftHandPinky2
                    } // End of Armature_mixamorig_LeftHandPinky1
                    Frame Armature_mixamorig_LeftHandRing1 {
                      FrameTransformMatrix {
                         0.981825,-0.164408,-0.094811, 0.000000,
                         0.176843, 0.611191, 0.771474, 0.000000,
                        -0.068888,-0.774219, 0.629157, 0.000000,
                         2.241697, 9.308401,-0.143497, 1.000000;;
                      }
                      Frame Armature_mixamorig_LeftHandRing2 {
                        FrameTransformMatrix {
                           0.996485,-0.076386,-0.034394, 0.000000,
                           0.076386, 0.659959, 0.747408, 0.000000,
                          -0.034393,-0.747409, 0.663474, 0.000000,
                           0.000003, 4.019396,-0.000005, 1.000000;;
                        }
                        Frame Armature_mixamorig_LeftHandRing3 {
                          FrameTransformMatrix {
                             0.996509,-0.076173,-0.034153, 0.000000,
                             0.076173, 0.662336, 0.745325, 0.000000,
                            -0.034153,-0.745325, 0.665826, 0.000000,
                            -0.000002, 2.790807, 0.000000, 1.000000;;
                          }
                          Frame Armature_mixamorig_LeftHandRing4 {
                            FrameTransformMatrix {
                               1.000000, 0.000000, 0.000000, 0.000000,
                               0.000000, 1.000000, 0.000000, 0.000000,
                              -0.000000,-0.000000, 1.000000, 0.000000,
                              -0.000003, 2.540691,-0.000002, 1.000000;;
                            }
                          } // End of Armature_mixamorig_LeftHandRing4
                        } // End of Armature_mixamorig_LeftHandRing3
                      } // End of Armature_mixamorig_LeftHandRing2
                    } // End of Armature_mixamorig_LeftHandRing1
                    Frame Armature_mixamorig_LeftHandThumb1 {
                      FrameTransformMatrix {
                         0.863676, 0.501324,-0.052322, 0.000000,
                        -0.428533, 0.784968, 0.447420, 0.000000,
                         0.265374,-0.364005, 0.892792, 0.000000,
                        -2.370403, 3.545597, 1.908200, 1.000000;;
                      }
                      Frame Armature_mixamorig_LeftHandThumb2 {
                        FrameTransformMatrix {
                           0.924685,-0.378963,-0.036654, 0.000000,
                           0.379832, 0.924830, 0.020409, 0.000000,
                           0.026164,-0.032794, 0.999120, 0.000000,
                          -0.000004, 2.808395,-0.000002, 1.000000;;
                        }
                        Frame Armature_mixamorig_LeftHandThumb3 {
                          FrameTransformMatrix {
                             0.987020,-0.159754,-0.016400, 0.000000,
                             0.149571, 0.951647,-0.268322, 0.000000,
                             0.058472, 0.262387, 0.963190, 0.000000,
                             0.000002, 2.379000, 0.000000, 1.000000;;
                          }
                          Frame Armature_mixamorig_LeftHandThumb4 {
                            FrameTransformMatrix {
                               1.000000, 0.000000, 0.000000, 0.000000,
                              -0.000000, 1.000000, 0.000000, 0.000000,
                              -0.000000,-0.000000, 1.000000, 0.000000,
                               0.000006, 2.445004,-0.000006, 1.000000;;
                            }
                          } // End of Armature_mixamorig_LeftHandThumb4
                        } // End of Armature_mixamorig_LeftHandThumb3
                      } // End of Armature_mixamorig_LeftHandThumb2
                    } // End of Armature_mixamorig_LeftHandThumb1
                  } // End of Armature_mixamorig_LeftHand
                  Frame Armature_mixamorig_Shield_joint {
                    FrameTransformMatrix {
                       0.000000, 1.000000,-0.000000, 0.000000,
                       0.000000,-0.000000,-1.000000, 0.000000,
                      -1.000000, 0.000000,-0.000000, 0.000000,
                       0.398198,14.663406,-5.648602, 1.000000;;
                    }
                  } // End of Armature_mixamorig_Shield_joint
                } // End of Armature_mixamorig_LeftForeArm
              } // End of Armature_mixamorig_LeftArm
            } // End of Armature_mixamorig_LeftShoulder
            Frame Armature_mixamorig_Neck {
              FrameTransformMatrix {
                 0.997082, 0.076201,-0.004610, 0.000000,
                -0.076292, 0.992493,-0.095588, 0.000000,
                -0.002709, 0.095660, 0.995410, 0.000000,
                 0.024399,15.862293,-1.675817, 1.000000;;
              }
              Frame Armature_mixamorig_Head {
                FrameTransformMatrix {
                   0.985789,-0.103723,-0.132139, 0.000000,
                   0.091777, 0.991379,-0.093510, 0.000000,
                   0.140699, 0.080054, 0.986811, 0.000000,
                   0.000000, 5.563987, 0.988101, 1.000000;;
                }
                Frame Armature_mixamorig_HeadTop_End {
                  FrameTransformMatrix {
                     1.000000, 0.000000,-0.000000, 0.000000,
                    -0.000000, 1.000000,-0.000000, 0.000000,
                    -0.000000, 0.000000, 1.000000, 0.000000,
                    -0.000001,18.311895, 3.086895, 1.000000;;
                  }
                } // End of Armature_mixamorig_HeadTop_End
                Frame Armature_mixamorig_LeftEye {
                  FrameTransformMatrix {
                    -0.000000, 0.000000,-1.000000, 0.000000,
                     1.000000,-0.000000,-0.000000, 0.000000,
                    -0.000000,-1.000000, 0.000000, 0.000000,
                     2.284399, 7.935690, 7.063700, 1.000000;;
                  }
                } // End of Armature_mixamorig_LeftEye
                Frame Armature_mixamorig_RightEye {
                  FrameTransformMatrix {
                     0.000000,-0.000000, 1.000000, 0.000000,
                    -1.000000, 0.000000,-0.000000, 0.000000,
                    -0.000000,-1.000000, 0.000000, 0.000000,
                    -2.377501, 7.935697, 7.063698, 1.000000;;
                  }
                } // End of Armature_mixamorig_RightEye
              } // End of Armature_mixamorig_Head
            } // End of Armature_mixamorig_Neck
            Frame Armature_mixamorig_RightShoulder {
              FrameTransformMatrix {
                 0.100673,-0.008516, 0.994883, 0.000000,
                -0.986394,-0.131480, 0.098689, 0.000000,
                 0.129966,-0.991282,-0.021636, 0.000000,
                -5.979200,13.670192,-1.662612, 1.000000;;
              }
              Frame Armature_mixamorig_RightArm {
                FrameTransformMatrix {
                   0.788549,-0.127661, 0.601575, 0.000000,
                  -0.374560, 0.676140, 0.634460, 0.000000,
                  -0.487745,-0.725629, 0.485353, 0.000000,
                   0.000005,12.607897,-0.000004, 1.000000;;
                }
                Frame Armature_mixamorig_RightForeArm {
                  FrameTransformMatrix {
                     0.020893,-0.999782,-0.000002, 0.000000,
                     0.999782, 0.020893, 0.000002, 0.000000,
                    -0.000002,-0.000002, 1.000000, 0.000000,
                    -0.000009,25.574295,-0.000003, 1.000000;;
                  }
                  Frame Armature_mixamorig_RightHand {
                    FrameTransformMatrix {
                       0.949823,-0.093752,-0.298407, 0.000000,
                       0.008734, 0.961601,-0.274311, 0.000000,
                       0.312665, 0.257940, 0.914170, 0.000000,
                       0.000001,21.603495,-0.000001, 1.000000;;
                    }
                    Frame Armature_mixamorig_RightHandIndex1 {
                      FrameTransformMatrix {
                         0.996911, 0.077634, 0.011899, 0.000000,
                        -0.020860, 0.115660, 0.993070, 0.000000,
                         0.075720,-0.990250, 0.116922, 0.000000,
                         2.341906, 9.909599,-0.291398, 1.000000;;
                      }
                      Frame Armature_mixamorig_RightHandIndex2 {
                        FrameTransformMatrix {
                           0.996757, 0.069862, 0.039936, 0.000000,
                          -0.069862, 0.504967, 0.860306, 0.000000,
                           0.039936,-0.860307, 0.508210, 0.000000,
                           0.000002, 3.776701,-0.000013, 1.000000;;
                        }
                        Frame Armature_mixamorig_RightHandIndex3 {
                          FrameTransformMatrix {
                             0.997756, 0.060990, 0.027637, 0.000000,
                            -0.060990, 0.657424, 0.751049, 0.000000,
                             0.027637,-0.751049, 0.659668, 0.000000,
                             0.000000, 2.542996, 0.000003, 1.000000;;
                          }
                          Frame Armature_mixamorig_RightHandIndex4 {
                            FrameTransformMatrix {
                               1.000000,-0.000000,-0.000000, 0.000000,
                               0.000000, 1.000000, 0.000000, 0.000000,
                              -0.000000, 0.000000, 1.000000, 0.000000,
                              -0.000005, 2.528996, 0.000000, 1.000000;;
                            }
                          } // End of Armature_mixamorig_RightHandIndex4
                        } // End of Armature_mixamorig_RightHandIndex3
                      } // End of Armature_mixamorig_RightHandIndex2
                    } // End of Armature_mixamorig_RightHandIndex1
                    Frame Armature_mixamorig_RightHandMiddle1 {
                      FrameTransformMatrix {
                         0.985924, 0.123662, 0.112524, 0.000000,
                        -0.124135, 0.090566, 0.988124, 0.000000,
                         0.112002,-0.988183, 0.104642, 0.000000,
                         0.000006, 9.700595,-0.000001, 1.000000;;
                      }
                      Frame Armature_mixamorig_RightHandMiddle2 {
                        FrameTransformMatrix {
                           0.996745, 0.069944, 0.040077, 0.000000,
                          -0.069944, 0.503224, 0.861321, 0.000000,
                           0.040077,-0.861321, 0.506478, 0.000000,
                           0.000001, 4.014603,-0.000006, 1.000000;;
                        }
                        Frame Armature_mixamorig_RightHandMiddle3 {
                          FrameTransformMatrix {
                             0.997766, 0.060881, 0.027513, 0.000000,
                            -0.060881, 0.658960, 0.749710, 0.000000,
                             0.027513,-0.749710, 0.661194, 0.000000,
                             0.000000, 2.996702, 0.000001, 1.000000;;
                          }
                          Frame Armature_mixamorig_RightHandMiddle4 {
                            FrameTransformMatrix {
                               1.000000,-0.000000,-0.000000, 0.000000,
                               0.000000, 1.000000, 0.000000, 0.000000,
                               0.000000, 0.000000, 1.000000, 0.000000,
                              -0.000003, 2.824993,-0.000002, 1.000000;;
                            }
                          } // End of Armature_mixamorig_RightHandMiddle4
                        } // End of Armature_mixamorig_RightHandMiddle3
                      } // End of Armature_mixamorig_RightHandMiddle2
                    } // End of Armature_mixamorig_RightHandMiddle1
                    Frame Armature_mixamorig_RightHandPinky1 {
                      FrameTransformMatrix {
                         0.912026, 0.284099, 0.295799, 0.000000,
                        -0.364052, 0.228631, 0.902881, 0.000000,
                         0.188878,-0.931137, 0.311944, 0.000000,
                        -4.712801, 8.985297,-0.221699, 1.000000;;
                      }
                      Frame Armature_mixamorig_RightHandPinky2 {
                        FrameTransformMatrix {
                           0.996611, 0.070887, 0.041735, 0.000000,
                          -0.070887, 0.482669, 0.872930, 0.000000,
                           0.041735,-0.872930, 0.486058, 0.000000,
                          -0.000001, 3.562500,-0.000000, 1.000000;;
                        }
                        Frame Armature_mixamorig_RightHandPinky3 {
                          FrameTransformMatrix {
                             0.997748, 0.061072, 0.027731, 0.000000,
                            -0.061072, 0.656258, 0.752061, 0.000000,
                             0.027731,-0.752061, 0.658510, 0.000000,
                             0.000000, 2.335205, 0.000007, 1.000000;;
                          }
                          Frame Armature_mixamorig_RightHandPinky4 {
                            FrameTransformMatrix {
                               1.000000, 0.000000, 0.000000, 0.000000,
                              -0.000000, 1.000000,-0.000000, 0.000000,
                               0.000000, 0.000000, 1.000000, 0.000000,
                               0.000001, 2.037303, 0.000003, 1.000000;;
                            }
                          } // End of Armature_mixamorig_RightHandPinky4
                        } // End of Armature_mixamorig_RightHandPinky3
                      } // End of Armature_mixamorig_RightHandPinky2
                    } // End of Armature_mixamorig_RightHandPinky1
                    Frame Armature_mixamorig_RightHandRing1 {
                      FrameTransformMatrix {
                         0.980301, 0.127516, 0.150830, 0.000000,
                        -0.163269, 0.093448, 0.982146, 0.000000,
                         0.111144,-0.987425, 0.112426, 0.000000,
                        -2.241696, 9.308298,-0.143594, 1.000000;;
                      }
                      Frame Armature_mixamorig_RightHandRing2 {
                        FrameTransformMatrix {
                           0.996628, 0.070770, 0.041524, 0.000000,
                          -0.070770, 0.485287, 0.871486, 0.000000,
                           0.041524,-0.871486, 0.488659, 0.000000,
                          -0.000001, 4.019391, 0.000012, 1.000000;;
                        }
                        Frame Armature_mixamorig_RightHandRing3 {
                          FrameTransformMatrix {
                             0.997845, 0.060014, 0.026542, 0.000000,
                            -0.060014, 0.670995, 0.739029, 0.000000,
                             0.026542,-0.739029, 0.673150, 0.000000,
                            -0.000001, 2.790805, 0.000006, 1.000000;;
                          }
                          Frame Armature_mixamorig_RightHandRing4 {
                            FrameTransformMatrix {
                               1.000000, 0.000000, 0.000000, 0.000000,
                               0.000000, 1.000000, 0.000000, 0.000000,
                               0.000000, 0.000000, 1.000000, 0.000000,
                               0.000002, 2.540703,-0.000000, 1.000000;;
                            }
                          } // End of Armature_mixamorig_RightHandRing4
                        } // End of Armature_mixamorig_RightHandRing3
                      } // End of Armature_mixamorig_RightHandRing2
                    } // End of Armature_mixamorig_RightHandRing1
                    Frame Armature_mixamorig_RightHandThumb1 {
                      FrameTransformMatrix {
                         0.838338,-0.537488, 0.091080, 0.000000,
                         0.428982, 0.753517, 0.498184, 0.000000,
                        -0.336398,-0.378575, 0.862274, 0.000000,
                         2.370406, 3.545497, 1.908102, 1.000000;;
                      }
                      Frame Armature_mixamorig_RightHandThumb2 {
                        FrameTransformMatrix {
                           0.881203, 0.470468, 0.046266, 0.000000,
                          -0.471208, 0.882002, 0.005983, 0.000000,
                          -0.037992,-0.027073, 0.998911, 0.000000,
                           0.000002, 2.808396, 0.000001, 1.000000;;
                        }
                        Frame Armature_mixamorig_RightHandThumb3 {
                          FrameTransformMatrix {
                             0.986647,-0.154902,-0.050324, 0.000000,
                             0.138495, 0.960524,-0.241272, 0.000000,
                             0.085711, 0.231081, 0.969152, 0.000000,
                             0.000003, 2.379003,-0.000000, 1.000000;;
                          }
                          Frame Armature_mixamorig_RightHandThumb4 {
                            FrameTransformMatrix {
                               1.000000,-0.000000,-0.000000, 0.000000,
                              -0.000000, 1.000000,-0.000000, 0.000000,
                              -0.000000, 0.000000, 1.000000, 0.000000,
                               0.000005, 2.444997, 0.000004, 1.000000;;
                            }
                          } // End of Armature_mixamorig_RightHandThumb4
                        } // End of Armature_mixamorig_RightHandThumb3
                      } // End of Armature_mixamorig_RightHandThumb2
                    } // End of Armature_mixamorig_RightHandThumb1
                    Frame Armature_mixamorig_Sword_joint {
                      FrameTransformMatrix {
                         0.000000,-1.000000,-0.000000, 0.000000,
                        -0.000000, 0.000000,-1.000000, 0.000000,
                         1.000000, 0.000000,-0.000000, 0.000000,
                        -0.770199, 7.959994, 2.820797, 1.000000;;
                      }
                    } // End of Armature_mixamorig_Sword_joint
                  } // End of Armature_mixamorig_RightHand
                } // End of Armature_mixamorig_RightForeArm
              } // End of Armature_mixamorig_RightArm
            } // End of Armature_mixamorig_RightShoulder
          } // End of Armature_mixamorig_Spine2
        } // End of Armature_mixamorig_Spine1
      } // End of Armature_mixamorig_Spine
    } // End of Armature_mixamorig_Hips
  } // End of Armature
} // End of Root
AnimationSet Global {
  Animation {
    {Armature}
    AnimationKey { // Rotation
      0;
      23;
      0;4;-0.707107, 0.707107, 0.000000, 0.000000;;,
      1;4;-0.707107, 0.707107, 0.000000, 0.000000;;,
      2;4;-0.707107, 0.707107, 0.000000, 0.000000;;,
      3;4;-0.707107, 0.707107, 0.000000, 0.000000;;,
      4;4;-0.707107, 0.707107, 0.000000, 0.000000;;,
      5;4;-0.707107, 0.707107, 0.000000, 0.000000;;,
      6;4;-0.707107, 0.707107, 0.000000, 0.000000;;,
      7;4;-0.707107, 0.707107, 0.000000, 0.000000;;,
      8;4;-0.707107, 0.707107, 0.000000, 0.000000;;,
      9;4;-0.707107, 0.707107, 0.000000, 0.000000;;,
      10;4;-0.707107, 0.707107, 0.000000, 0.000000;;,
      11;4;-0.707107, 0.707107, 0.000000, 0.000000;;,
      12;4;-0.707107, 0.707107, 0.000000, 0.000000;;,
      13;4;-0.707107, 0.707107, 0.000000, 0.000000;;,
      14;4;-0.707107, 0.707107, 0.000000, 0.000000;;,
      15;4;-0.707107, 0.707107, 0.000000, 0.000000;;,
      16;4;-0.707107, 0.707107, 0.000000, 0.000000;;,
      17;4;-0.707107, 0.707107, 0.000000, 0.000000;;,
      18;4;-0.707107, 0.707107, 0.000000, 0.000000;;,
      19;4;-0.707107, 0.707107, 0.000000, 0.000000;;,
      20;4;-0.707107, 0.707107, 0.000000, 0.000000;;,
      21;4;-0.707107, 0.707107, 0.000000, 0.000000;;,
      22;4;-0.707107, 0.707107, 0.000000, 0.000000;;;
    }
    AnimationKey { // Scale
      1;
      23;
      0;3; 0.010000, 0.010000, 0.010000;;,
      1;3; 0.010000, 0.010000, 0.010000;;,
      2;3; 0.010000, 0.010000, 0.010000;;,
      3;3; 0.010000, 0.010000, 0.010000;;,
      4;3; 0.010000, 0.010000, 0.010000;;,
      5;3; 0.010000, 0.010000, 0.010000;;,
      6;3; 0.010000, 0.010000, 0.010000;;,
      7;3; 0.010000, 0.010000, 0.010000;;,
      8;3; 0.010000, 0.010000, 0.010000;;,
      9;3; 0.010000, 0.010000, 0.010000;;,
      10;3; 0.010000, 0.010000, 0.010000;;,
      11;3; 0.010000, 0.010000, 0.010000;;,
      12;3; 0.010000, 0.010000, 0.010000;;,
      13;3; 0.010000, 0.010000, 0.010000;;,
      14;3; 0.010000, 0.010000, 0.010000;;,
      15;3; 0.010000, 0.010000, 0.010000;;,
      16;3; 0.010000, 0.010000, 0.010000;;,
      17;3; 0.010000, 0.010000, 0.010000;;,
      18;3; 0.010000, 0.010000, 0.010000;;,
      19;3; 0.010000, 0.010000, 0.010000;;,
      20;3; 0.010000, 0.010000, 0.010000;;,
      21;3; 0.010000, 0.010000, 0.010000;;,
      22;3; 0.010000, 0.010000, 0.010000;;;
    }
    AnimationKey { // Position
      2;
      23;
      0;3; 0.000000, 0.000000, 0.000000;;,
      1;3; 0.000000, 0.000000, 0.000000;;,
      2;3; 0.000000, 0.000000, 0.000000;;,
      3;3; 0.000000, 0.000000, 0.000000;;,
      4;3; 0.000000, 0.000000, 0.000000;;,
      5;3; 0.000000, 0.000000, 0.000000;;,
      6;3; 0.000000, 0.000000, 0.000000;;,
      7;3; 0.000000, 0.000000, 0.000000;;,
      8;3; 0.000000, 0.000000, 0.000000;;,
      9;3; 0.000000, 0.000000, 0.000000;;,
      10;3; 0.000000, 0.000000, 0.000000;;,
      11;3; 0.000000, 0.000000, 0.000000;;,
      12;3; 0.000000, 0.000000, 0.000000;;,
      13;3; 0.000000, 0.000000, 0.000000;;,
      14;3; 0.000000, 0.000000, 0.000000;;,
      15;3; 0.000000, 0.000000, 0.000000;;,
      16;3; 0.000000, 0.000000, 0.000000;;,
      17;3; 0.000000, 0.000000, 0.000000;;,
      18;3; 0.000000, 0.000000, 0.000000;;,
      19;3; 0.000000, 0.000000, 0.000000;;,
      20;3; 0.000000, 0.000000, 0.000000;;,
      21;3; 0.000000, 0.000000, 0.000000;;,
      22;3; 0.000000, 0.000000, 0.000000;;;
    }
  }
  Animation {
    {Armature_mixamorig_Hips}
    AnimationKey { // Rotation
      0;
      23;
      0;4;-0.985833, 0.161715,-0.034030, 0.028697;;,
      1;4;-0.986951, 0.155653,-0.028288, 0.030004;;,
      2;4;-0.987796, 0.147141,-0.017957, 0.047821;;,
      3;4;-0.987848, 0.137134,-0.002097, 0.073120;;,
      4;4;-0.986985, 0.145143, 0.000897, 0.069238;;,
      5;4;-0.989439, 0.141764,-0.004936, 0.029802;;,
      6;4;-0.992160, 0.124683,-0.008397,-0.001315;;,
      7;4;-0.993849, 0.110682,-0.003365, 0.001483;;,
      8;4;-0.993551, 0.113233,-0.001735, 0.005563;;,
      9;4;-0.991693, 0.128079,-0.000986, 0.011814;;,
      10;4;-0.990083, 0.139125,-0.001803, 0.019418;;,
      11;4;-0.989250, 0.144749,-0.003982, 0.020417;;,
      12;4;-0.989399, 0.144381,-0.010758, 0.011345;;,
      13;4;-0.989396, 0.143149,-0.012950,-0.020875;;,
      14;4;-0.987035, 0.150791,-0.007615,-0.054456;;,
      15;4;-0.985236, 0.159420,-0.005654,-0.062160;;,
      16;4;-0.986541, 0.157066,-0.010749,-0.044168;;,
      17;4;-0.989053, 0.146059,-0.011112,-0.017837;;,
      18;4;-0.989717, 0.141362,-0.021807,-0.001345;;,
      19;4;-0.987972, 0.151128,-0.030499, 0.011853;;,
      20;4;-0.986083, 0.161670,-0.035634, 0.015263;;,
      21;4;-0.985474, 0.164384,-0.036108, 0.022718;;,
      22;4;-0.985833, 0.161715,-0.034030, 0.028697;;;
    }
    AnimationKey { // Scale
      1;
      23;
      0;3; 1.000000, 1.000000, 1.000000;;,
      1;3; 1.000000, 1.000000, 1.000000;;,
      2;3; 1.000000, 1.000000, 1.000000;;,
      3;3; 1.000000, 1.000000, 1.000000;;,
      4;3; 1.000000, 1.000000, 1.000000;;,
      5;3; 1.000000, 1.000000, 1.000000;;,
      6;3; 1.000000, 1.000000, 1.000000;;,
      7;3; 1.000000, 1.000000, 1.000000;;,
      8;3; 1.000000, 1.000000, 1.000000;;,
      9;3; 1.000000, 1.000000, 1.000000;;,
      10;3; 1.000000, 1.000000, 1.000000;;,
      11;3; 1.000000, 1.000000, 1.000000;;,
      12;3; 1.000000, 1.000000, 1.000000;;,
      13;3; 1.000000, 1.000000, 1.000000;;,
      14;3; 1.000000, 1.000000, 1.000000;;,
      15;3; 1.000000, 1.000000, 1.000000;;,
      16;3; 1.000000, 1.000000, 1.000000;;,
      17;3; 1.000000, 1.000000, 1.000000;;,
      18;3; 1.000000, 1.000000, 1.000000;;,
      19;3; 1.000000, 1.000000, 1.000000;;,
      20;3; 1.000000, 1.000000, 1.000000;;,
      21;3; 1.000000, 1.000000, 1.000000;;,
      22;3; 1.000000, 1.000000, 1.000000;;;
    }
    AnimationKey { // Position
      2;
      23;
      0;3; 0.179329,79.781380, 0.693524;;,
      1;3;-0.038686,82.775330,-0.159301;;,
      2;3;-0.282058,84.960159,-1.183578;;,
      3;3;-0.703494,86.766228,-2.089031;;,
      4;3;-1.149506,88.584770,-2.695764;;,
      5;3;-1.519036,89.664307,-2.246937;;,
      6;3;-1.821862,89.118530,-2.200765;;,
      7;3;-2.200501,87.909821,-3.162899;;,
      8;3;-2.333855,85.186432,-4.021859;;,
      9;3;-2.370782,82.491348,-5.354648;;,
      10;3;-2.606000,80.523041,-6.663861;;,
      11;3;-2.641357,79.997406,-6.876307;;,
      12;3;-2.330570,80.986214,-5.697955;;,
      13;3;-1.933395,81.996452,-4.171198;;,
      14;3;-1.671418,82.849068,-3.129068;;,
      15;3;-1.549986,84.102142,-2.055695;;,
      16;3;-1.418867,85.340675,-0.903181;;,
      17;3;-0.859872,83.933556,-0.069163;;,
      18;3;-0.218505,81.504730, 0.596320;;,
      19;3; 0.216397,78.213043, 0.453904;;,
      20;3; 0.553587,76.825546,-0.179635;;,
      21;3; 0.557904,77.293785,-0.232038;;,
      22;3; 0.180301,79.781380, 0.693523;;;
    }
  }
  Animation {
    {Armature_mixamorig_Spine}
    AnimationKey { // Rotation
      0;
      23;
      0;4;-0.999420,-0.016706, 0.029649,-0.001323;;,
      1;4;-0.998754,-0.019025, 0.046081,-0.002194;;,
      2;4;-0.998179,-0.016833, 0.054060,-0.020824;;,
      3;4;-0.996945,-0.012065, 0.058570,-0.050245;;,
      4;4;-0.996209,-0.018256, 0.064047,-0.055975;;,
      5;4;-0.996962,-0.021622, 0.070198,-0.025913;;,
      6;4;-0.997516,-0.015141, 0.068706,-0.003423;;,
      7;4;-0.998569,-0.004815, 0.051067,-0.015127;;,
      8;4;-0.999051,-0.007055, 0.034742,-0.025321;;,
      9;4;-0.999043,-0.009860, 0.023397,-0.035618;;,
      10;4;-0.998723,-0.008542, 0.014278,-0.047702;;,
      11;4;-0.998612,-0.012242,-0.000722,-0.051232;;,
      12;4;-0.998824,-0.017895,-0.018138,-0.041238;;,
      13;4;-0.999064,-0.021762,-0.037233,-0.003396;;,
      14;4;-0.997283,-0.025162,-0.058283, 0.037382;;,
      15;4;-0.995967,-0.025004,-0.069027, 0.051568;;,
      16;4;-0.997063,-0.021171,-0.062377, 0.039069;;,
      17;4;-0.997819,-0.017920,-0.058542, 0.024674;;,
      18;4;-0.998621,-0.015832,-0.044445, 0.023047;;,
      19;4;-0.999294,-0.018330,-0.027962, 0.017134;;,
      20;4;-0.999649,-0.016565,-0.012139, 0.016741;;,
      21;4;-0.999826,-0.015611, 0.006273, 0.008119;;,
      22;4;-0.999420,-0.016706, 0.029649,-0.001323;;;
    }
    AnimationKey { // Scale
      1;
      23;
      0;3; 1.000000, 1.000000, 1.000000;;,
      1;3; 1.000000, 1.000000, 1.000000;;,
      2;3; 1.000000, 1.000000, 1.000000;;,
      3;3; 1.000000, 1.000000, 1.000000;;,
      4;3; 1.000000, 1.000000, 1.000000;;,
      5;3; 1.000000, 1.000000, 1.000000;;,
