xof 0303txt 0032

template XSkinMeshHeader {
  <3cf169ce-ff7c-44ab-93c0-f78f62d172e2>
  WORD nMaxSkinWeightsPerVertex;
  WORD nMaxSkinWeightsPerFace;
  WORD nBones;
}

template SkinWeights {
  <6f0d123b-bad2-4167-a0d0-80224f25fabb>
  STRING transformNodeName;
  DWORD nWeights;
  array DWORD vertexIndices[nWeights];
  array float weights[nWeights];
  Matrix4x4 matrixOffset;
}

Frame Root {
  FrameTransformMatrix {
     1.000000, 0.000000, 0.000000, 0.000000,
     0.000000,-0.000000,-1.000000, 0.000000,
     0.000000, 1.000000,-0.000000, 0.000000,
     0.000000, 0.000000, 0.000000, 1.000000;;
  }
  Frame Armature {
    FrameTransformMatrix {
       0.010000, 0.000000, 0.000000, 0.000000,
       0.000000,-0.000000, 0.010000, 0.000000,
       0.000000,-0.010000,-0.000000, 0.000000,
       0.000000, 0.000000, 0.000000, 1.000000;;
    }
    Frame Armature_mixamorig_Hips {
      FrameTransformMatrix {
         0.981262, 0.047225, 0.186801, 0.000000,
        -0.107162, 0.939479, 0.325414, 0.000000,
        -0.160129,-0.339335, 0.926936, 0.000000,
         0.002522,85.591866, 0.036376, 1.000000;;
      }
      Frame Armature_mixamorig_LeftUpLeg {
        FrameTransformMatrix {
          -0.985727, 0.023788, 0.166653, 0.000000,
           0.126428,-0.549117, 0.826079, 0.000000,
           0.111169, 0.835407, 0.538238, 0.000000,
           9.789100,-5.875897,-0.583698, 1.000000;;
        }
        Frame Armature_mixamorig_LeftLeg {
          FrameTransformMatrix {
             0.999812, 0.017337, 0.008652, 0.000000,
             0.015230,-0.427143,-0.904056, 0.000000,
            -0.011978, 0.904018,-0.427327, 0.000000,
             0.000000,41.702003, 0.000002, 1.000000;;
          }
          Frame Armature_mixamorig_LeftFoot {
            FrameTransformMatrix {
               0.950320, 0.299535,-0.084681, 0.000000,
              -0.174120, 0.737040, 0.653034, 0.000000,
               0.258020,-0.605847, 0.752579, 0.000000,
              -0.000001,36.981026, 0.000000, 1.000000;;
            }
            Frame Armature_mixamorig_LeftToeBase {
              FrameTransformMatrix {
                 0.991778, 0.012191, 0.127386, 0.000000,
                -0.094017, 0.744734, 0.660706, 0.000000,
                -0.086814,-0.667250, 0.739757, 0.000000,
                 0.000001,16.700535, 0.000000, 1.000000;;
              }
              Frame Armature_mixamorig_LeftToe_End {
                FrameTransformMatrix {
                   1.000000,-0.000000,-0.000000, 0.000000,
                   0.000000, 1.000000, 0.000000, 0.000000,
                   0.000000,-0.000000, 1.000000, 0.000000,
                  -0.000001, 7.120427, 0.000001, 1.000000;;
                }
              } // End of Armature_mixamorig_LeftToe_End
            } // End of Armature_mixamorig_LeftToeBase
          } // End of Armature_mixamorig_LeftFoot
        } // End of Armature_mixamorig_LeftLeg
      } // End of Armature_mixamorig_LeftUpLeg
      Frame Armature_mixamorig_RightUpLeg {
        FrameTransformMatrix {
          -0.991169, 0.131608,-0.016239, 0.000000,
          -0.129103,-0.929762, 0.344764, 0.000000,
           0.030277, 0.343834, 0.938485, 0.000000,
          -9.857699,-5.875893,-0.583697, 1.000000;;
        }
        Frame Armature_mixamorig_RightLeg {
          FrameTransformMatrix {
             0.987301, 0.038716, 0.154071, 0.000000,
             0.084577, 0.692867,-0.716088, 0.000000,
            -0.134474, 0.720025, 0.680794, 0.000000,
             0.000001,41.702000,-0.000000, 1.000000;;
          }
          Frame Armature_mixamorig_RightFoot {
            FrameTransformMatrix {
               0.994778, 0.048553, 0.089778, 0.000000,
              -0.092313, 0.052762, 0.994331, 0.000000,
               0.043541,-0.997426, 0.056968, 0.000000,
               0.000001,36.981030,-0.000002, 1.000000;;
            }
            Frame Armature_mixamorig_RightToeBase {
              FrameTransformMatrix {
                 0.996385,-0.082159,-0.021587, 0.000000,
                 0.068825, 0.631833, 0.772042, 0.000000,
                -0.049791,-0.770738, 0.635204, 0.000000,
                 0.000000,16.700537, 0.000001, 1.000000;;
              }
              Frame Armature_mixamorig_RightToe_End {
                FrameTransformMatrix {
                   1.000000, 0.000000, 0.000000, 0.000000,
                  -0.000000, 1.000000, 0.000000, 0.000000,
                  -0.000000,-0.000000, 1.000000, 0.000000,
                   0.000001, 7.120424, 0.000000, 1.000000;;
                }
              } // End of Armature_mixamorig_RightToe_End
            } // End of Armature_mixamorig_RightToeBase
          } // End of Armature_mixamorig_RightFoot
        } // End of Armature_mixamorig_RightLeg
      } // End of Armature_mixamorig_RightUpLeg
      Frame Armature_mixamorig_Spine {
        FrameTransformMatrix {
           0.990518,-0.057897,-0.124589, 0.000000,
           0.100560, 0.923430, 0.370357, 0.000000,
           0.093606,-0.379374, 0.920496, 0.000000,
           0.017300,10.574806,-1.117197, 1.000000;;
        }
        Frame Armature_mixamorig_Spine1 {
          FrameTransformMatrix {
             0.999425,-0.006765,-0.033213, 0.000000,
             0.007967, 0.999313, 0.036185, 0.000000,
             0.032946,-0.036429, 0.998793, 0.000000,
            -0.000000,12.405993,-0.000000, 1.000000;;
          }
          Frame Armature_mixamorig_Spine2 {
            FrameTransformMatrix {
               0.999398,-0.006724,-0.034034, 0.000000,
               0.011450, 0.989996, 0.140634, 0.000000,
               0.032748,-0.140939, 0.989477, 0.000000,
              -0.000000,14.178303, 0.000007, 1.000000;;
            }
            Frame Armature_mixamorig_LeftShoulder {
              FrameTransformMatrix {
                -0.158406, 0.080294,-0.984104, 0.000000,
                 0.904025,-0.388998,-0.177255, 0.000000,
                -0.397047,-0.917733,-0.010969, 0.000000,
                 5.935000,13.670206,-1.662593, 1.000000;;
              }
              Frame Armature_mixamorig_LeftArm {
                FrameTransformMatrix {
                   0.958914, 0.271861, 0.081084, 0.000000,
                  -0.235394, 0.602933, 0.762274, 0.000000,
                   0.158344,-0.750042, 0.642155, 0.000000,
                  -0.000009,12.607899, 0.000016, 1.000000;;
                }
                Frame Armature_mixamorig_LeftForeArm {
                  FrameTransformMatrix {
                     0.555943, 0.805210, 0.206313, 0.000000,
                    -0.800451, 0.585517,-0.128251, 0.000000,
                    -0.224068,-0.093843, 0.970045, 0.000000,
                     0.000003,25.574318, 0.000001, 1.000000;;
                  }
                  Frame Armature_mixamorig_LeftHand {
                    FrameTransformMatrix {
                       0.896661, 0.442255, 0.020235, 0.000000,
                      -0.441769, 0.890813, 0.106269, 0.000000,
                       0.028972,-0.104226, 0.994131, 0.000000,
                      -0.000000,21.603405,-0.000004, 1.000000;;
                    }
                    Frame Armature_mixamorig_LeftHandIndex1 {
                      FrameTransformMatrix {
                         0.991294, 0.108587, 0.074466, 0.000000,
                        -0.131308, 0.773572, 0.619955, 0.000000,
                         0.009714,-0.624336, 0.781096, 0.000000,
                        -2.341907, 9.909704,-0.291395, 1.000000;;
                      }
                      Frame Armature_mixamorig_LeftHandIndex2 {
                        FrameTransformMatrix {
                           0.997049, 0.076773, 0.000039, 0.000000,
                          -0.056937, 0.739098, 0.671187, 0.000000,
                           0.051500,-0.669208, 0.741288, 0.000000,
                           0.000002, 3.776701,-0.000003, 1.000000;;
                        }
                        Frame Armature_mixamorig_LeftHandIndex3 {
                          FrameTransformMatrix {
                             0.999424,-0.033718,-0.003922, 0.000000,
                             0.033944, 0.993492, 0.108726, 0.000000,
                             0.000230,-0.108796, 0.994064, 0.000000,
                             0.000001, 2.542999,-0.000004, 1.000000;;
                          }
                          Frame Armature_mixamorig_LeftHandIndex4 {
                            FrameTransformMatrix {
                               1.000000,-0.000000,-0.000000, 0.000000,
                              -0.000000, 1.000000,-0.000000, 0.000000,
                               0.000000, 0.000000, 1.000000, 0.000000,
                              -0.000001, 2.529092, 0.000009, 1.000000;;
                            }
                          } // End of Armature_mixamorig_LeftHandIndex4
                        } // End of Armature_mixamorig_LeftHandIndex3
                      } // End of Armature_mixamorig_LeftHandIndex2
                    } // End of Armature_mixamorig_LeftHandIndex1
                    Frame Armature_mixamorig_LeftHandMiddle1 {
                      FrameTransformMatrix {
                         0.999250, 0.037015, 0.011413, 0.000000,
                        -0.035965, 0.777209, 0.628214, 0.000000,
                         0.014383,-0.628153, 0.777957, 0.000000,
                        -0.000001, 9.700804, 0.000001, 1.000000;;
                      }
                      Frame Armature_mixamorig_LeftHandMiddle2 {
                        FrameTransformMatrix {
                           0.996352, 0.085336, 0.000865, 0.000000,
                          -0.054615, 0.629817, 0.774821, 0.000000,
                           0.065575,-0.772042, 0.632180, 0.000000,
                           0.000007, 4.014602, 0.000002, 1.000000;;
                        }
                        Frame Armature_mixamorig_LeftHandMiddle3 {
                          FrameTransformMatrix {
                             0.999593,-0.026719,-0.009992, 0.000000,
                             0.028508, 0.947959, 0.317114, 0.000000,
                             0.000999,-0.317270, 0.948335, 0.000000,
                            -0.000000, 2.996706, 0.000000, 1.000000;;
                          }
                          Frame Armature_mixamorig_LeftHandMiddle4 {
                            FrameTransformMatrix {
                               1.000000, 0.000000,-0.000000, 0.000000,
                              -0.000000, 1.000000,-0.000000, 0.000000,
                               0.000000, 0.000000, 1.000000, 0.000000,
                               0.000004, 2.824997,-0.000002, 1.000000;;
                            }
                          } // End of Armature_mixamorig_LeftHandMiddle4
                        } // End of Armature_mixamorig_LeftHandMiddle3
                      } // End of Armature_mixamorig_LeftHandMiddle2
                    } // End of Armature_mixamorig_LeftHandMiddle1
                    Frame Armature_mixamorig_LeftHandPinky1 {
                      FrameTransformMatrix {
                         0.990339, 0.093299, 0.102587, 0.000000,
                        -0.138101, 0.596753, 0.790452, 0.000000,
                         0.012530,-0.796982, 0.603873, 0.000000,
                         4.712698, 8.985497,-0.221601, 1.000000;;
                      }
                      Frame Armature_mixamorig_LeftHandPinky2 {
                        FrameTransformMatrix {
                           0.999998, 0.001658, 0.001162, 0.000000,
                          -0.001588, 0.286580, 0.958055, 0.000000,
                           0.001255,-0.958055, 0.286582, 0.000000,
                           0.000007, 3.562508,-0.000003, 1.000000;;
                        }
                        Frame Armature_mixamorig_LeftHandPinky3 {
                          FrameTransformMatrix {
                             1.000000, 0.000576, 0.000348, 0.000000,
                            -0.000673, 0.870599, 0.491993, 0.000000,
                            -0.000019,-0.491993, 0.870599, 0.000000,
                             0.000003, 2.335207,-0.000007, 1.000000;;
                          }
                          Frame Armature_mixamorig_LeftHandPinky4 {
                            FrameTransformMatrix {
                               1.000000, 0.000000, 0.000000, 0.000000,
                               0.000000, 1.000000, 0.000000, 0.000000,
                               0.000000,-0.000000, 1.000000, 0.000000,
                              -0.000003, 2.037289,-0.000001, 1.000000;;
                            }
                          } // End of Armature_mixamorig_LeftHandPinky4
                        } // End of Armature_mixamorig_LeftHandPinky3
                      } // End of Armature_mixamorig_LeftHandPinky2
                    } // End of Armature_mixamorig_LeftHandPinky1
                    Frame Armature_mixamorig_LeftHandRing1 {
                      FrameTransformMatrix {
                         0.999939,-0.003801, 0.010382, 0.000000,
                        -0.007470, 0.459970, 0.887903, 0.000000,
                        -0.008150,-0.887927, 0.459913, 0.000000,
                         2.241701, 9.308401,-0.143493, 1.000000;;
                      }
                      Frame Armature_mixamorig_LeftHandRing2 {
                        FrameTransformMatrix {
                           0.999744, 0.016952, 0.015008, 0.000000,
                          -0.022610, 0.712828, 0.700975, 0.000000,
                           0.001184,-0.701135, 0.713028, 0.000000,
                           0.000003, 4.019400, 0.000007, 1.000000;;
                        }
                        Frame Armature_mixamorig_LeftHandRing3 {
                          FrameTransformMatrix {
                             0.999772,-0.021313, 0.001338, 0.000000,
                             0.020161, 0.962656, 0.269975, 0.000000,
                            -0.007042,-0.269886, 0.962866, 0.000000,
                             0.000003, 2.790808, 0.000000, 1.000000;;
                          }
                          Frame Armature_mixamorig_LeftHandRing4 {
                            FrameTransformMatrix {
                               1.000000, 0.000000,-0.000000, 0.000000,
                               0.000000, 1.000000, 0.000000, 0.000000,
                               0.000000, 0.000000, 1.000000, 0.000000,
                              -0.000006, 2.540695,-0.000001, 1.000000;;
                            }
                          } // End of Armature_mixamorig_LeftHandRing4
                        } // End of Armature_mixamorig_LeftHandRing3
                      } // End of Armature_mixamorig_LeftHandRing2
                    } // End of Armature_mixamorig_LeftHandRing1
                    Frame Armature_mixamorig_LeftHandThumb1 {
                      FrameTransformMatrix {
                         0.865766, 0.491568,-0.093859, 0.000000,
                        -0.457348, 0.853307, 0.250399, 0.000000,
                         0.203179,-0.173861, 0.963582, 0.000000,
                        -2.370405, 3.545603, 1.908198, 1.000000;;
                      }
                      Frame Armature_mixamorig_LeftHandThumb2 {
                        FrameTransformMatrix {
                           0.955145,-0.274890,-0.110154, 0.000000,
                           0.291568, 0.938023, 0.187352, 0.000000,
                           0.051826,-0.211065, 0.976097, 0.000000,
                          -0.000007, 2.808400,-0.000007, 1.000000;;
                        }
                        Frame Armature_mixamorig_LeftHandThumb3 {
                          FrameTransformMatrix {
                             0.618159, 0.106484,-0.778807, 0.000000,
                             0.121190, 0.966025, 0.228273, 0.000000,
                             0.776655,-0.235493, 0.584252, 0.000000,
                             0.000001, 2.378999, 0.000002, 1.000000;;
                          }
                          Frame Armature_mixamorig_LeftHandThumb4 {
                            FrameTransformMatrix {
                               1.000000,-0.000000, 0.000000, 0.000000,
                               0.000000, 1.000000, 0.000000, 0.000000,
                               0.000000,-0.000000, 1.000000, 0.000000,
                               0.000000, 2.445007, 0.000003, 1.000000;;
                            }
                          } // End of Armature_mixamorig_LeftHandThumb4
                        } // End of Armature_mixamorig_LeftHandThumb3
                      } // End of Armature_mixamorig_LeftHandThumb2
                    } // End of Armature_mixamorig_LeftHandThumb1
                  } // End of Armature_mixamorig_LeftHand
                  Frame Armature_mixamorig_Shield_joint {
                    FrameTransformMatrix {
                       0.000000, 1.000000,-0.000000, 0.000000,
                       0.000000,-0.000000,-1.000000, 0.000000,
                      -1.000000, 0.000000,-0.000000, 0.000000,
                       0.398199,14.663406,-5.648607, 1.000000;;
                    }
                  } // End of Armature_mixamorig_Shield_joint
                } // End of Armature_mixamorig_LeftForeArm
              } // End of Armature_mixamorig_LeftArm
            } // End of Armature_mixamorig_LeftShoulder
            Frame Armature_mixamorig_Neck {
              FrameTransformMatrix {
                 0.999574,-0.018030,-0.022957, 0.000000,
                 0.013516, 0.982935,-0.183457, 0.000000,
                 0.025873, 0.183069, 0.982759, 0.000000,
                 0.024400,15.862299,-1.675789, 1.000000;;
              }
              Frame Armature_mixamorig_Head {
                FrameTransformMatrix {
                   0.993772,-0.061390, 0.093001, 0.000000,
                   0.096052, 0.895015,-0.435572, 0.000000,
                  -0.056498, 0.441792, 0.895337, 0.000000,
                  -0.000000, 5.563993, 0.988110, 1.000000;;
                }
                Frame Armature_mixamorig_HeadTop_End {
                  FrameTransformMatrix {
                     1.000000, 0.000000,-0.000000, 0.000000,
                     0.000000, 1.000000,-0.000000, 0.000000,
                     0.000000, 0.000000, 1.000000, 0.000000,
                    -0.000000,18.311911, 3.086904, 1.000000;;
                  }
                } // End of Armature_mixamorig_HeadTop_End
                Frame Armature_mixamorig_LeftEye {
                  FrameTransformMatrix {
                    -0.000000, 0.000000,-1.000000, 0.000000,
                     1.000000,-0.000000,-0.000000, 0.000000,
                    -0.000000,-1.000000,-0.000000, 0.000000,
                     2.284400, 7.935732, 7.063701, 1.000000;;
                  }
                } // End of Armature_mixamorig_LeftEye
                Frame Armature_mixamorig_RightEye {
                  FrameTransformMatrix {
                     0.000000,-0.000000, 1.000000, 0.000000,
                    -1.000000, 0.000000,-0.000000, 0.000000,
                    -0.000000,-1.000000,-0.000000, 0.000000,
                    -2.377501, 7.935730, 7.063701, 1.000000;;
                  }
                } // End of Armature_mixamorig_RightEye
              } // End of Armature_mixamorig_Head
            } // End of Armature_mixamorig_Neck
            Frame Armature_mixamorig_RightShoulder {
              FrameTransformMatrix {
                 0.213909, 0.001833, 0.976852, 0.000000,
                -0.974645,-0.066815, 0.213551, 0.000000,
                 0.065660,-0.997764,-0.012506, 0.000000,
                -5.979200,13.670199,-1.662594, 1.000000;;
              }
              Frame Armature_mixamorig_RightArm {
                FrameTransformMatrix {
                   0.865618,-0.102624,-0.490076, 0.000000,
                   0.438994, 0.626285, 0.644244, 0.000000,
                   0.240812,-0.772810, 0.587175, 0.000000,
                   0.000007,12.607898, 0.000001, 1.000000;;
                }
                Frame Armature_mixamorig_RightForeArm {
                  FrameTransformMatrix {
                     0.113476,-0.974689,-0.192625, 0.000000,
                     0.990785, 0.125443,-0.051072, 0.000000,
                     0.073943,-0.185055, 0.979943, 0.000000,
                    -0.000004,25.574310,-0.000003, 1.000000;;
                  }
                  Frame Armature_mixamorig_RightHand {
                    FrameTransformMatrix {
                       0.966887,-0.254240,-0.022148, 0.000000,
                       0.254121, 0.951168, 0.175222, 0.000000,
                      -0.023482,-0.175048, 0.984280, 0.000000,
                      -0.000002,21.603504, 0.000000, 1.000000;;
                    }
                    Frame Armature_mixamorig_RightHandIndex1 {
                      FrameTransformMatrix {
                         0.998625, 0.052414,-0.001240, 0.000000,
                        -0.023980, 0.477655, 0.878220, 0.000000,
                         0.046623,-0.876983, 0.478254, 0.000000,
                         2.341913, 9.909595,-0.291402, 1.000000;;
                      }
                      Frame Armature_mixamorig_RightHandIndex2 {
                        FrameTransformMatrix {
                           0.997041,-0.076868,-0.000040, 0.000000,
                           0.030554, 0.395833, 0.917814, 0.000000,
                          -0.070534,-0.915100, 0.397011, 0.000000,
                           0.000003, 3.776701, 0.000002, 1.000000;;
                        }
                        Frame Armature_mixamorig_RightHandIndex3 {
                          FrameTransformMatrix {
                             0.999417, 0.007271, 0.033364, 0.000000,
                            -0.032428, 0.508176, 0.860643, 0.000000,
                            -0.010697,-0.861223, 0.508115, 0.000000,
                             0.000004, 2.543003, 0.000001, 1.000000;;
                          }
                          Frame Armature_mixamorig_RightHandIndex4 {
                            FrameTransformMatrix {
                               1.000000,-0.000000,-0.000000, 0.000000,
                              -0.000000, 1.000000, 0.000000, 0.000000,
                              -0.000000,-0.000000, 1.000000, 0.000000,
                               0.000002, 2.529010,-0.000001, 1.000000;;
                            }
                          } // End of Armature_mixamorig_RightHandIndex4
                        } // End of Armature_mixamorig_RightHandIndex3
                      } // End of Armature_mixamorig_RightHandIndex2
                    } // End of Armature_mixamorig_RightHandIndex1
                    Frame Armature_mixamorig_RightHandMiddle1 {
                      FrameTransformMatrix {
                         0.999767, 0.002024,-0.021482, 0.000000,
                         0.019207, 0.370172, 0.928765, 0.000000,
                         0.009832,-0.928961, 0.370047, 0.000000,
                         0.000005, 9.700596,-0.000002, 1.000000;;
                      }
                      Frame Armature_mixamorig_RightHandMiddle2 {
                        FrameTransformMatrix {
                           0.996323,-0.085656,-0.001597, 0.000000,
                           0.009803, 0.095465, 0.995384, 0.000000,
                          -0.085109,-0.991741, 0.095954, 0.000000,
                           0.000015, 4.014600, 0.000005, 1.000000;;
                        }
                        Frame Armature_mixamorig_RightHandMiddle3 {
                          FrameTransformMatrix {
                             0.999606, 0.023162, 0.015834, 0.000000,
                            -0.028045, 0.841138, 0.540093, 0.000000,
                            -0.000809,-0.540324, 0.841457, 0.000000,
                            -0.000006, 2.996701, 0.000002, 1.000000;;
                          }
                          Frame Armature_mixamorig_RightHandMiddle4 {
                            FrameTransformMatrix {
                               1.000000, 0.000000, 0.000000, 0.000000,
                               0.000000, 1.000000, 0.000000, 0.000000,
                               0.000000,-0.000000, 1.000000, 0.000000,
                              -0.000001, 2.824989, 0.000001, 1.000000;;
                            }
                          } // End of Armature_mixamorig_RightHandMiddle4
                        } // End of Armature_mixamorig_RightHandMiddle3
                      } // End of Armature_mixamorig_RightHandMiddle2
                    } // End of Armature_mixamorig_RightHandMiddle1
                    Frame Armature_mixamorig_RightHandPinky1 {
                      FrameTransformMatrix {
                         0.997591,-0.001995,-0.069341, 0.000000,
                         0.069343, 0.056400, 0.995997, 0.000000,
                         0.001924,-0.998406, 0.056402, 0.000000,
                        -4.712796, 8.985293,-0.221701, 1.000000;;
                      }
                      Frame Armature_mixamorig_RightHandPinky2 {
                        FrameTransformMatrix {
                           0.999999,-0.001131,-0.000582, 0.000000,
                           0.001131, 0.581894, 0.813264, 0.000000,
                          -0.000581,-0.813264, 0.581895, 0.000000,
                           0.000009, 3.562500,-0.000001, 1.000000;;
                        }
                        Frame Armature_mixamorig_RightHandPinky3 {
                          FrameTransformMatrix {
                             1.000000,-0.000606,-0.000139, 0.000000,
                             0.000606, 0.900092, 0.435699, 0.000000,
                            -0.000139,-0.435700, 0.900092, 0.000000,
                            -0.000008, 2.335210,-0.000002, 1.000000;;
                          }
                          Frame Armature_mixamorig_RightHandPinky4 {
                            FrameTransformMatrix {
                               1.000000, 0.000000,-0.000000, 0.000000,
                              -0.000000, 1.000000,-0.000000, 0.000000,
                              -0.000000, 0.000000, 1.000000, 0.000000,
                               0.000002, 2.037296,-0.000002, 1.000000;;
                            }
                          } // End of Armature_mixamorig_RightHandPinky4
                        } // End of Armature_mixamorig_RightHandPinky3
                      } // End of Armature_mixamorig_RightHandPinky2
                    } // End of Armature_mixamorig_RightHandPinky1
                    Frame Armature_mixamorig_RightHandRing1 {
                      FrameTransformMatrix {
                         0.996652, 0.080351, 0.015139, 0.000000,
                        -0.029983, 0.186896, 0.981922, 0.000000,
                         0.076069,-0.979088, 0.188680, 0.000000,
                        -2.241691, 9.308296,-0.143597, 1.000000;;
                      }
                      Frame Armature_mixamorig_RightHandRing2 {
                        FrameTransformMatrix {
                           0.999715,-0.020158,-0.012772, 0.000000,
                           0.018040, 0.288067, 0.957440, 0.000000,
                          -0.015621,-0.957398, 0.288348, 0.000000,
                           0.000000, 4.019396, 0.000001, 1.000000;;
                        }
                        Frame Armature_mixamorig_RightHandRing3 {
                          FrameTransformMatrix {
                             0.999784, 0.020757,-0.001199, 0.000000,
                            -0.015341, 0.775388, 0.631299, 0.000000,
                             0.014033,-0.631144, 0.775539, 0.000000,
                             0.000010, 2.790819, 0.000001, 1.000000;;
                          }
                          Frame Armature_mixamorig_RightHandRing4 {
                            FrameTransformMatrix {
                               1.000000, 0.000000, 0.000000, 0.000000,
                              -0.000000, 1.000000,-0.000000, 0.000000,
                              -0.000000, 0.000000, 1.000000, 0.000000,
                               0.000003, 2.540696, 0.000003, 1.000000;;
                            }
                          } // End of Armature_mixamorig_RightHandRing4
                        } // End of Armature_mixamorig_RightHandRing3
                      } // End of Armature_mixamorig_RightHandRing2
                    } // End of Armature_mixamorig_RightHandRing1
                    Frame Armature_mixamorig_RightHandThumb1 {
                      FrameTransformMatrix {
                         0.976732,-0.103456, 0.187858, 0.000000,
                        -0.095406, 0.574892, 0.812648, 0.000000,
                        -0.192072,-0.811663, 0.551645, 0.000000,
                         2.370406, 3.545495, 1.908100, 1.000000;;
                      }
                      Frame Armature_mixamorig_RightHandThumb2 {
                        FrameTransformMatrix {
                           0.951148, 0.004170, 0.308707, 0.000000,
                           0.056213, 0.980855,-0.186448, 0.000000,
                          -0.303574, 0.194694, 0.932704, 0.000000,
                          -0.000005, 2.808395,-0.000002, 1.000000;;
                        }
                        Frame Armature_mixamorig_RightHandThumb3 {
                          FrameTransformMatrix {
                             0.927105, 0.226645,-0.298511, 0.000000,
                            -0.296312, 0.930931,-0.213463, 0.000000,
                             0.229512, 0.286355, 0.930228, 0.000000,
                             0.000000, 2.379004,-0.000001, 1.000000;;
                          }
                          Frame Armature_mixamorig_RightHandThumb4 {
                            FrameTransformMatrix {
                               1.000000,-0.000000,-0.000000, 0.000000,
                               0.000000, 1.000000, 0.000000, 0.000000,
                              -0.000000, 0.000000, 1.000000, 0.000000,
                              -0.000005, 2.445002,-0.000001, 1.000000;;
                            }
                          } // End of Armature_mixamorig_RightHandThumb4
                        } // End of Armature_mixamorig_RightHandThumb3
                      } // End of Armature_mixamorig_RightHandThumb2
                    } // End of Armature_mixamorig_RightHandThumb1
                    Frame Armature_mixamorig_Sword_joint {
                      FrameTransformMatrix {
                        -0.000000,-1.000000,-0.000000, 0.000000,
                        -0.000000, 0.000000,-1.000000, 0.000000,
                         1.000000,-0.000000,-0.000000, 0.000000,
                        -0.770191, 7.959991, 2.820796, 1.000000;;
                      }
                    } // End of Armature_mixamorig_Sword_joint
                  } // End of Armature_mixamorig_RightHand
                } // End of Armature_mixamorig_RightForeArm
              } // End of Armature_mixamorig_RightArm
            } // End of Armature_mixamorig_RightShoulder
          } // End of Armature_mixamorig_Spine2
        } // End of Armature_mixamorig_Spine1
      } // End of Armature_mixamorig_Spine
    } // End of Armature_mixamorig_Hips
  } // End of Armature
} // End of Root
AnimationSet Global {
  Animation {
    {Armature}
    AnimationKey { // Rotation
      0;
      54;
      0;4;-0.707107, 0.707107, 0.000000, 0.000000;;,
      1;4;-0.707107, 0.707107, 0.000000, 0.000000;;,
      2;4;-0.707107, 0.707107, 0.000000, 0.000000;;,
      3;4;-0.707107, 0.707107, 0.000000, 0.000000;;,
      4;4;-0.707107, 0.707107, 0.000000, 0.000000;;,
      5;4;-0.707107, 0.707107, 0.000000, 0.000000;;,
      6;4;-0.707107, 0.707107, 0.000000, 0.000000;;,
      7;4;-0.707107, 0.707107, 0.000000, 0.000000;;,
      8;4;-0.707107, 0.707107, 0.000000, 0.000000;;,
      9;4;-0.707107, 0.707107, 0.000000, 0.000000;;,
      10;4;-0.707107, 0.707107, 0.000000, 0.000000;;,
      11;4;-0.707107, 0.707107, 0.000000, 0.000000;;,
      12;4;-0.707107, 0.707107, 0.000000, 0.000000;;,
      13;4;-0.707107, 0.707107, 0.000000, 0.000000;;,
      14;4;-0.707107, 0.707107, 0.000000, 0.000000;;,
      15;4;-0.707107, 0.707107, 0.000000, 0.000000;;,
      16;4;-0.707107, 0.707107, 0.000000, 0.000000;;,
      17;4;-0.707107, 0.707107, 0.000000, 0.000000;;,
      18;4;-0.707107, 0.707107, 0.000000, 0.000000;;,
      19;4;-0.707107, 0.707107, 0.000000, 0.000000;;,
      20;4;-0.707107, 0.707107, 0.000000, 0.000000;;,
      21;4;-0.707107, 0.707107, 0.000000, 0.000000;;,
      22;4;-0.707107, 0.707107, 0.000000, 0.000000;;,
      23;4;-0.707107, 0.707107, 0.000000, 0.000000;;,
      24;4;-0.707107, 0.707107, 0.000000, 0.000000;;,
      25;4;-0.707107, 0.707107, 0.000000, 0.000000;;,
      26;4;-0.707107, 0.707107, 0.000000, 0.000000;;,
      27;4;-0.707107, 0.707107, 0.000000, 0.000000;;,
      28;4;-0.707107, 0.707107, 0.000000, 0.000000;;,
      29;4;-0.707107, 0.707107, 0.000000, 0.000000;;,
      30;4;-0.707107, 0.707107, 0.000000, 0.000000;;,
      31;4;-0.707107, 0.707107, 0.000000, 0.000000;;,
      32;4;-0.707107, 0.707107, 0.000000, 0.000000;;,
      33;4;-0.707107, 0.707107, 0.000000, 0.000000;;,
      34;4;-0.707107, 0.707107, 0.000000, 0.000000;;,
      35;4;-0.707107, 0.707107, 0.000000, 0.000000;;,
      36;4;-0.707107, 0.707107, 0.000000, 0.000000;;,
      37;4;-0.707107, 0.707107, 0.000000, 0.000000;;,
      38;4;-0.707107, 0.707107, 0.000000, 0.000000;;,
      39;4;-0.707107, 0.707107, 0.000000, 0.000000;;,
      40;4;-0.707107, 0.707107, 0.000000, 0.000000;;,
      41;4;-0.707107, 0.707107, 0.000000, 0.000000;;,
      42;4;-0.707107, 0.707107, 0.000000, 0.000000;;,
      43;4;-0.707107, 0.707107, 0.000000, 0.000000;;,
      44;4;-0.707107, 0.707107, 0.000000, 0.000000;;,
      45;4;-0.707107, 0.707107, 0.000000, 0.000000;;,
      46;4;-0.707107, 0.707107, 0.000000, 0.000000;;,
      47;4;-0.707107, 0.707107, 0.000000, 0.000000;;,
      48;4;-0.707107, 0.707107, 0.000000, 0.000000;;,
      49;4;-0.707107, 0.707107, 0.000000, 0.000000;;,
      50;4;-0.707107, 0.707107, 0.000000, 0.000000;;,
      51;4;-0.707107, 0.707107, 0.000000, 0.000000;;,
      52;4;-0.707107, 0.707107, 0.000000, 0.000000;;,
      53;4;-0.707107, 0.707107, 0.000000, 0.000000;;;
    }
    AnimationKey { // Scale
      1;
      54;
      0;3; 0.010000, 0.010000, 0.010000;;,
      1;3; 0.010000, 0.010000, 0.010000;;,
      2;3; 0.010000, 0.010000, 0.010000;;,
      3;3; 0.010000, 0.010000, 0.010000;;,
      4;3; 0.010000, 0.010000, 0.010000;;,
      5;3; 0.010000, 0.010000, 0.010000;;,
      6;3; 0.010000, 0.010000, 0.010000;;,
      7;3; 0.010000, 0.010000, 0.010000;;,
      8;3; 0.010000, 0.010000, 0.010000;;,
      9;3; 0.010000, 0.010000, 0.010000;;,
      10;3; 0.010000, 0.010000, 0.010000;;,
      11;3; 0.010000, 0.010000, 0.010000;;,
      12;3; 0.010000, 0.010000, 0.010000;;,
      13;3; 0.010000, 0.010000, 0.010000;;,
      14;3; 0.010000, 0.010000, 0.010000;;,
      15;3; 0.010000, 0.010000, 0.010000;;,
      16;3; 0.010000, 0.010000, 0.010000;;,
      17;3; 0.010000, 0.010000, 0.010000;;,
      18;3; 0.010000, 0.010000, 0.010000;;,
      19;3; 0.010000, 0.010000, 0.010000;;,
      20;3; 0.010000, 0.010000, 0.010000;;,
      21;3; 0.010000, 0.010000, 0.010000;;,
      22;3; 0.010000, 0.010000, 0.010000;;,
      23;3; 0.010000, 0.010000, 0.010000;;,
      24;3; 0.010000, 0.010000, 0.010000;;,
      25;3; 0.010000, 0.010000, 0.010000;;,
      26;3; 0.010000, 0.010000, 0.010000;;,
      27;3; 0.010000, 0.010000, 0.010000;;,
      28;3; 0.010000, 0.010000, 0.010000;;,
      29;3; 0.010000, 0.010000, 0.010000;;,
      30;3; 0.010000, 0.010000, 0.010000;;,
      31;3; 0.010000, 0.010000, 0.010000;;,
      32;3; 0.010000, 0.010000, 0.010000;;,
      33;3; 0.010000, 0.010000, 0.010000;;,
      34;3; 0.010000, 0.010000, 0.010000;;,
      35;3; 0.010000, 0.010000, 0.010000;;,
      36;3; 0.010000, 0.010000, 0.010000;;,
      37;3; 0.010000, 0.010000, 0.010000;;,
      38;3; 0.010000, 0.010000, 0.010000;;,
      39;3; 0.010000, 0.010000, 0.010000;;,
      40;3; 0.010000, 0.010000, 0.010000;;,
      41;3; 0.010000, 0.010000, 0.010000;;,
      42;3; 0.010000, 0.010000, 0.010000;;,
      43;3; 0.010000, 0.010000, 0.010000;;,
      44;3; 0.010000, 0.010000, 0.010000;;,
      45;3; 0.010000, 0.010000, 0.010000;;,
      46;3; 0.010000, 0.010000, 0.010000;;,
      47;3; 0.010000, 0.010000, 0.010000;;,
      48;3; 0.010000, 0.010000, 0.010000;;,
      49;3; 0.010000, 0.010000, 0.010000;;,
      50;3; 0.010000, 0.010000, 0.010000;;,
      51;3; 0.010000, 0.010000, 0.010000;;,
      52;3; 0.010000, 0.010000, 0.010000;;,
      53;3; 0.010000, 0.010000, 0.010000;;;
    }
    AnimationKey { // Position
      2;
      54;
      0;3; 0.000000, 0.000000, 0.000000;;,
      1;3; 0.000000, 0.000000, 0.000000;;,
      2;3; 0.000000, 0.000000, 0.000000;;,
      3;3; 0.000000, 0.000000, 0.000000;;,
      4;3; 0.000000, 0.000000, 0.000000;;,
      5;3; 0.000000, 0.000000, 0.000000;;,
      6;3; 0.000000, 0.000000, 0.000000;;,
      7;3; 0.000000, 0.000000, 0.000000;;,
      8;3; 0.000000, 0.000000, 0.000000;;,
      9;3; 0.000000, 0.000000, 0.000000;;,
      10;3; 0.000000, 0.000000, 0.000000;;,
      11;3; 0.000000, 0.000000, 0.000000;;,
      12;3; 0.000000, 0.000000, 0.000000;;,
      13;3; 0.000000, 0.000000, 0.000000;;,
      14;3; 0.000000, 0.000000, 0.000000;;,
      15;3; 0.000000, 0.000000, 0.000000;;,
      16;3; 0.000000, 0.000000, 0.000000;;,
      17;3; 0.000000, 0.000000, 0.000000;;,
      18;3; 0.000000, 0.000000, 0.000000;;,
      19;3; 0.000000, 0.000000, 0.000000;;,
      20;3; 0.000000, 0.000000, 0.000000;;,
      21;3; 0.000000, 0.000000, 0.000000;;,
      22;3; 0.000000, 0.000000, 0.000000;;,
      23;3; 0.000000, 0.000000, 0.000000;;,
      24;3; 0.000000, 0.000000, 0.000000;;,
      25;3; 0.000000, 0.000000, 0.000000;;,
      26;3; 0.000000, 0.000000, 0.000000;;,
      27;3; 0.000000, 0.000000, 0.000000;;,
      28;3; 0.000000, 0.000000, 0.000000;;,
      29;3; 0.000000, 0.000000, 0.000000;;,
      30;3; 0.000000, 0.000000, 0.000000;;,
      31;3; 0.000000, 0.000000, 0.000000;;,
      32;3; 0.000000, 0.000000, 0.000000;;,
      33;3; 0.000000, 0.000000, 0.000000;;,
      34;3; 0.000000, 0.000000, 0.000000;;,
      35;3; 0.000000, 0.000000, 0.000000;;,
      36;3; 0.000000, 0.000000, 0.000000;;,
      37;3; 0.000000, 0.000000, 0.000000;;,
      38;3; 0.000000, 0.000000, 0.000000;;,
      39;3; 0.000000, 0.000000, 0.000000;;,
      40;3; 0.000000, 0.000000, 0.000000;;,
      41;3; 0.000000, 0.000000, 0.000000;;,
      42;3; 0.000000, 0.000000, 0.000000;;,
      43;3; 0.000000, 0.000000, 0.000000;;,
      44;3; 0.000000, 0.000000, 0.000000;;,
      45;3; 0.000000, 0.000000, 0.000000;;,
      46;3; 0.000000, 0.000000, 0.000000;;,
      47;3; 0.000000, 0.000000, 0.000000;;,
      48;3; 0.000000, 0.000000, 0.000000;;,
      49;3; 0.000000, 0.000000, 0.000000;;,
      50;3; 0.000000, 0.000000, 0.000000;;,
      51;3; 0.000000, 0.000000, 0.000000;;,
      52;3; 0.000000, 0.000000, 0.000000;;,
      53;3; 0.000000, 0.000000, 0.000000;;;
    }
  }
  Animation {
    {Armature_mixamorig_Hips}
    AnimationKey { // Rotation
      0;
      54;
      0;4;-0.980775, 0.169445,-0.088433, 0.039353;;,
      1;4;-0.982407, 0.145135,-0.111843, 0.036114;;,
      2;4;-0.982892, 0.120409,-0.134942, 0.034857;;,
      3;4;-0.978823, 0.100066,-0.175124, 0.034983;;,
      4;4;-0.963989, 0.087275,-0.248784, 0.034867;;,
      5;4;-0.937891, 0.082186,-0.335021, 0.036960;;,
      6;4;-0.900220, 0.078169,-0.426567, 0.039153;;,
      7;4;-0.846797, 0.074142,-0.525054, 0.041911;;,
      8;4;-0.776667, 0.069886,-0.624390, 0.045183;;,
      9;4;-0.690725, 0.065311,-0.718526, 0.048509;;,
      10;4;-0.591561, 0.060337,-0.802342, 0.051594;;,
