xof 0303txt 0032

template XSkinMeshHeader {
  <3cf169ce-ff7c-44ab-93c0-f78f62d172e2>
  WORD nMaxSkinWeightsPerVertex;
  WORD nMaxSkinWeightsPerFace;
  WORD nBones;
}

template SkinWeights {
  <6f0d123b-bad2-4167-a0d0-80224f25fabb>
  STRING transformNodeName;
  DWORD nWeights;
  array DWORD vertexIndices[nWeights];
  array float weights[nWeights];
  Matrix4x4 matrixOffset;
}

Frame Root {
  FrameTransformMatrix {
     1.000000, 0.000000, 0.000000, 0.000000,
     0.000000,-0.000000,-1.000000, 0.000000,
     0.000000, 1.000000,-0.000000, 0.000000,
     0.000000, 0.000000, 0.000000, 1.000000;;
  }
  Frame Armature {
    FrameTransformMatrix {
       0.010000, 0.000000, 0.000000, 0.000000,
       0.000000,-0.000000, 0.010000, 0.000000,
       0.000000,-0.010000,-0.000000, 0.000000,
       0.000000, 0.000000, 0.000000, 1.000000;;
    }
    Frame Armature_mixamorig_Hips {
      FrameTransformMatrix {
         0.999586, 0.012679, 0.025831, 0.000000,
        -0.013351, 0.999572, 0.026029, 0.000000,
        -0.025490,-0.026363, 0.999327, 0.000000,
         4.608113,92.199547, 0.873799, 1.000000;;
      }
      Frame Armature_mixamorig_LeftUpLeg {
        FrameTransformMatrix {
          -0.982610, 0.012751, 0.185229, 0.000000,
          -0.012678,-0.999918, 0.001581, 0.000000,
           0.185246,-0.000797, 0.982633, 0.000000,
           9.789100,-5.875896,-0.583700, 1.000000;;
        }
        Frame Armature_mixamorig_LeftLeg {
          FrameTransformMatrix {
             0.998630,-0.036370,-0.037610, 0.000000,
             0.015940, 0.896184,-0.443396, 0.000000,
             0.049832, 0.442189, 0.895537, 0.000000,
             0.000001,41.702000,-0.000000, 1.000000;;
          }
          Frame Armature_mixamorig_LeftFoot {
            FrameTransformMatrix {
               0.995521, 0.027749,-0.090375, 0.000000,
               0.077487, 0.308155, 0.948175, 0.000000,
               0.054160,-0.950931, 0.304625, 0.000000,
              -0.000001,36.981022, 0.000002, 1.000000;;
            }
            Frame Armature_mixamorig_LeftToeBase {
              FrameTransformMatrix {
                 0.999237,-0.039030,-0.001204, 0.000000,
                 0.026389, 0.652224, 0.757567, 0.000000,
                -0.028783,-0.757021, 0.652757, 0.000000,
                 0.000001,16.700535,-0.000000, 1.000000;;
              }
              Frame Armature_mixamorig_LeftToe_End {
                FrameTransformMatrix {
                   1.000000,-0.000000,-0.000000, 0.000000,
                   0.000000, 1.000000, 0.000000, 0.000000,
                   0.000000,-0.000000, 1.000000, 0.000000,
                  -0.000001, 7.120427,-0.000000, 1.000000;;
                }
              } // End of Armature_mixamorig_LeftToe_End
            } // End of Armature_mixamorig_LeftToeBase
          } // End of Armature_mixamorig_LeftFoot
        } // End of Armature_mixamorig_LeftLeg
      } // End of Armature_mixamorig_LeftUpLeg
      Frame Armature_mixamorig_RightUpLeg {
        FrameTransformMatrix {
          -0.989269, 0.027542,-0.143474, 0.000000,
          -0.108601,-0.795561, 0.596027, 0.000000,
          -0.097732, 0.605247, 0.789967, 0.000000,
          -9.857700,-5.875894,-0.583700, 1.000000;;
        }
        Frame Armature_mixamorig_RightLeg {
          FrameTransformMatrix {
             0.998700, 0.003998, 0.050806, 0.000000,
             0.030557, 0.750859,-0.659755, 0.000000,
            -0.040786, 0.660450, 0.749761, 0.000000,
            -0.000001,41.702000, 0.000002, 1.000000;;
          }
          Frame Armature_mixamorig_RightFoot {
            FrameTransformMatrix {
               0.992635, 0.120949, 0.006962, 0.000000,
              -0.097753, 0.765671, 0.635761, 0.000000,
               0.071564,-0.631759, 0.771854, 0.000000,
               0.000002,36.981026,-0.000000, 1.000000;;
            }
            Frame Armature_mixamorig_RightToeBase {
              FrameTransformMatrix {
                 0.986166, 0.020049, 0.164544, 0.000000,
                -0.125658, 0.737807, 0.663213, 0.000000,
                -0.108105,-0.674714, 0.730119, 0.000000,
                -0.000001,16.700537,-0.000000, 1.000000;;
              }
              Frame Armature_mixamorig_RightToe_End {
                FrameTransformMatrix {
                   1.000000, 0.000000, 0.000000, 0.000000,
                  -0.000000, 1.000000, 0.000000, 0.000000,
                  -0.000000,-0.000000, 1.000000, 0.000000,
                   0.000000, 7.120426,-0.000000, 1.000000;;
                }
              } // End of Armature_mixamorig_RightToe_End
            } // End of Armature_mixamorig_RightToeBase
          } // End of Armature_mixamorig_RightFoot
        } // End of Armature_mixamorig_RightLeg
      } // End of Armature_mixamorig_RightUpLeg
      Frame Armature_mixamorig_Spine {
        FrameTransformMatrix {
           0.971524, 0.014488, 0.236498, 0.000000,
          -0.066740, 0.974448, 0.214468, 0.000000,
          -0.227348,-0.224144, 0.947667, 0.000000,
           0.017300,10.574802,-1.117200, 1.000000;;
        }
        Frame Armature_mixamorig_Spine1 {
          FrameTransformMatrix {
             0.997899,-0.011788, 0.063709, 0.000000,
             0.010066, 0.999577, 0.027284, 0.000000,
            -0.064003,-0.026586, 0.997595, 0.000000,
             0.000000,12.406000,-0.000002, 1.000000;;
          }
          Frame Armature_mixamorig_Spine2 {
            FrameTransformMatrix {
               0.997944,-0.008388, 0.063540, 0.000000,
              -0.000056, 0.991284, 0.131741, 0.000000,
              -0.064091,-0.131473, 0.989246, 0.000000,
              -0.000000,14.178308, 0.000001, 1.000000;;
            }
            Frame Armature_mixamorig_LeftShoulder {
              FrameTransformMatrix {
                 0.299453,-0.002754,-0.954107, 0.000000,
                 0.953836,-0.023143, 0.299435, 0.000000,
                -0.022906,-0.999728,-0.004303, 0.000000,
                 5.935002,13.670206,-1.662600, 1.000000;;
              }
              Frame Armature_mixamorig_LeftArm {
                FrameTransformMatrix {
                   0.973526, 0.075407, 0.215778, 0.000000,
                  -0.182469, 0.824938, 0.534959, 0.000000,
                  -0.137664,-0.560170, 0.816859, 0.000000,
                   0.000001,12.607898, 0.000022, 1.000000;;
                }
                Frame Armature_mixamorig_LeftForeArm {
                  FrameTransformMatrix {
                    -0.094265, 0.858635, 0.503845, 0.000000,
                    -0.994508,-0.058096,-0.087058, 0.000000,
                    -0.045480,-0.509284, 0.859396, 0.000000,
                     0.000004,25.574303,-0.000003, 1.000000;;
                  }
                  Frame Armature_mixamorig_LeftHand {
                    FrameTransformMatrix {
                       0.996567, 0.082592, 0.005682, 0.000000,
                      -0.082685, 0.996398, 0.018802, 0.000000,
                      -0.004108,-0.019207, 0.999807, 0.000000,
                      -0.000004,21.603401,-0.000008, 1.000000;;
                    }
                    Frame Armature_mixamorig_LeftHandIndex1 {
                      FrameTransformMatrix {
                         0.987682, 0.140897, 0.068067, 0.000000,
                        -0.086856, 0.131816, 0.987462, 0.000000,
                         0.130158,-0.981210, 0.142430, 0.000000,
                        -2.341919, 9.909709,-0.291400, 1.000000;;
                      }
                      Frame Armature_mixamorig_LeftHandIndex2 {
                        FrameTransformMatrix {
                           0.997047, 0.076798, 0.000023, 0.000000,
                          -0.029860, 0.387387, 0.921433, 0.000000,
                           0.070755,-0.918713, 0.388536, 0.000000,
                           0.000013, 3.776701, 0.000000, 1.000000;;
                        }
                        Frame Armature_mixamorig_LeftHandIndex3 {
                          FrameTransformMatrix {
                             0.999420,-0.011464,-0.032066, 0.000000,
                             0.034050, 0.349980, 0.936138, 0.000000,
                             0.000491,-0.936687, 0.350167, 0.000000,
                            -0.000007, 2.543004,-0.000002, 1.000000;;
                          }
                          Frame Armature_mixamorig_LeftHandIndex4 {
                            FrameTransformMatrix {
                               1.000000, 0.000000, 0.000000, 0.000000,
                              -0.000000, 1.000000,-0.000000, 0.000000,
                               0.000000, 0.000000, 1.000000, 0.000000,
                              -0.000001, 2.529099,-0.000004, 1.000000;;
                            }
                          } // End of Armature_mixamorig_LeftHandIndex4
                        } // End of Armature_mixamorig_LeftHandIndex3
                      } // End of Armature_mixamorig_LeftHandIndex2
                    } // End of Armature_mixamorig_LeftHandIndex1
                    Frame Armature_mixamorig_LeftHandMiddle1 {
                      FrameTransformMatrix {
                         0.994573,-0.037014, 0.097235, 0.000000,
                        -0.096303, 0.026172, 0.995008, 0.000000,
                        -0.039374,-0.998972, 0.022465, 0.000000,
                        -0.000017, 9.700807,-0.000000, 1.000000;;
                      }
                      Frame Armature_mixamorig_LeftHandMiddle2 {
                        FrameTransformMatrix {
                           0.996328, 0.085610, 0.001335, 0.000000,
                          -0.021400, 0.233895, 0.972027, 0.000000,
                           0.082903,-0.968486, 0.234868, 0.000000,
                          -0.000004, 4.014600,-0.000000, 1.000000;;
                        }
                        Frame Armature_mixamorig_LeftHandMiddle3 {
                          FrameTransformMatrix {
                             0.999617,-0.009062,-0.026159, 0.000000,
                             0.027628, 0.386880, 0.921716, 0.000000,
                             0.001768,-0.922085, 0.386982, 0.000000,
                            -0.000008, 2.996706, 0.000001, 1.000000;;
                          }
                          Frame Armature_mixamorig_LeftHandMiddle4 {
                            FrameTransformMatrix {
                               1.000000,-0.000000, 0.000000, 0.000000,
                              -0.000000, 1.000000, 0.000000, 0.000000,
                               0.000000,-0.000000, 1.000000, 0.000000,
                               0.000007, 2.824995,-0.000004, 1.000000;;
                            }
                          } // End of Armature_mixamorig_LeftHandMiddle4
                        } // End of Armature_mixamorig_LeftHandMiddle3
                      } // End of Armature_mixamorig_LeftHandMiddle2
                    } // End of Armature_mixamorig_LeftHandMiddle1
                    Frame Armature_mixamorig_LeftHandPinky1 {
                      FrameTransformMatrix {
                         0.977776,-0.138958, 0.156986, 0.000000,
                        -0.148251, 0.071188, 0.986384, 0.000000,
                        -0.148241,-0.987736, 0.049005, 0.000000,
                         4.712682, 8.985505,-0.221603, 1.000000;;
                      }
                      Frame Armature_mixamorig_LeftHandPinky2 {
                        FrameTransformMatrix {
                           0.999999, 0.001411, 0.000795, 0.000000,
                          -0.001157, 0.278934, 0.960310, 0.000000,
                           0.001133,-0.960309, 0.278935, 0.000000,
                           0.000004, 3.562497, 0.000005, 1.000000;;
                        }
                        Frame Armature_mixamorig_LeftHandPinky3 {
                          FrameTransformMatrix {
                             0.999999, 0.000955, 0.000639, 0.000000,
                            -0.001109, 0.656626, 0.754216, 0.000000,
                             0.000301,-0.754216, 0.656626, 0.000000,
                            -0.000005, 2.335202, 0.000000, 1.000000;;
                          }
                          Frame Armature_mixamorig_LeftHandPinky4 {
                            FrameTransformMatrix {
                               1.000000, 0.000000, 0.000000, 0.000000,
                              -0.000000, 1.000000, 0.000000, 0.000000,
                              -0.000000,-0.000000, 1.000000, 0.000000,
                              -0.000001, 2.037283, 0.000002, 1.000000;;
                            }
                          } // End of Armature_mixamorig_LeftHandPinky4
                        } // End of Armature_mixamorig_LeftHandPinky3
                      } // End of Armature_mixamorig_LeftHandPinky2
                    } // End of Armature_mixamorig_LeftHandPinky1
                    Frame Armature_mixamorig_LeftHandRing1 {
                      FrameTransformMatrix {
                         0.994741,-0.069802, 0.074953, 0.000000,
                        -0.077298,-0.031516, 0.996510, 0.000000,
                        -0.067196,-0.997063,-0.036745, 0.000000,
                         2.241686, 9.308402,-0.143497, 1.000000;;
                      }
                      Frame Armature_mixamorig_LeftHandRing2 {
                        FrameTransformMatrix {
                           0.999734, 0.012216, 0.019543, 0.000000,
                          -0.022994, 0.471327, 0.881659, 0.000000,
                           0.001559,-0.881874, 0.471482, 0.000000,
                          -0.000007, 4.019389, 0.000002, 1.000000;;
                        }
                        Frame Armature_mixamorig_LeftHandRing3 {
                          FrameTransformMatrix {
                             0.999788,-0.020501, 0.002108, 0.000000,
                             0.004119, 0.298994, 0.954246, 0.000000,
                            -0.020194,-0.954035, 0.299015, 0.000000,
                             0.000004, 2.790809,-0.000001, 1.000000;;
                          }
                          Frame Armature_mixamorig_LeftHandRing4 {
                            FrameTransformMatrix {
                               1.000000,-0.000000,-0.000000, 0.000000,
                               0.000000, 1.000000,-0.000000, 0.000000,
                              -0.000000, 0.000000, 1.000000, 0.000000,
                              -0.000006, 2.540697, 0.000000, 1.000000;;
                            }
                          } // End of Armature_mixamorig_LeftHandRing4
                        } // End of Armature_mixamorig_LeftHandRing3
                      } // End of Armature_mixamorig_LeftHandRing2
                    } // End of Armature_mixamorig_LeftHandRing1
                    Frame Armature_mixamorig_LeftHandThumb1 {
                      FrameTransformMatrix {
                         0.857894, 0.512731, 0.033535, 0.000000,
                        -0.403426, 0.631711, 0.661958, 0.000000,
                         0.318222,-0.581419, 0.748790, 0.000000,
                        -2.370415, 3.545602, 1.908194, 1.000000;;
                      }
                      Frame Armature_mixamorig_LeftHandThumb2 {
                        FrameTransformMatrix {
                           0.922913,-0.322630,-0.210100, 0.000000,
                           0.322604, 0.945873,-0.035376, 0.000000,
                           0.210141,-0.035130, 0.977040, 0.000000,
                          -0.000001, 2.808401,-0.000005, 1.000000;;
                        }
                        Frame Armature_mixamorig_LeftHandThumb3 {
                          FrameTransformMatrix {
                             0.586734, 0.027432,-0.809315, 0.000000,
                             0.436426, 0.831146, 0.344571, 0.000000,
                             0.682111,-0.555378, 0.475689, 0.000000,
                            -0.000003, 2.378999,-0.000005, 1.000000;;
                          }
                          Frame Armature_mixamorig_LeftHandThumb4 {
                            FrameTransformMatrix {
                               1.000000, 0.000000, 0.000000, 0.000000,
                               0.000000, 1.000000, 0.000000, 0.000000,
                              -0.000000,-0.000000, 1.000000, 0.000000,
                              -0.000003, 2.445004, 0.000009, 1.000000;;
                            }
                          } // End of Armature_mixamorig_LeftHandThumb4
                        } // End of Armature_mixamorig_LeftHandThumb3
                      } // End of Armature_mixamorig_LeftHandThumb2
                    } // End of Armature_mixamorig_LeftHandThumb1
                  } // End of Armature_mixamorig_LeftHand
                  Frame Armature_mixamorig_Shield_joint {
                    FrameTransformMatrix {
                       0.000000, 1.000000,-0.000000, 0.000000,
                       0.000000,-0.000000,-1.000000, 0.000000,
                      -1.000000, 0.000000,-0.000000, 0.000000,
                       0.398205,14.663399,-5.648611, 1.000000;;
                    }
                  } // End of Armature_mixamorig_Shield_joint
                } // End of Armature_mixamorig_LeftForeArm
              } // End of Armature_mixamorig_LeftArm
            } // End of Armature_mixamorig_LeftShoulder
            Frame Armature_mixamorig_Neck {
              FrameTransformMatrix {
                 0.995556,-0.076970,-0.054257, 0.000000,
                 0.083070, 0.989173, 0.120978, 0.000000,
                 0.044358,-0.124947, 0.991171, 0.000000,
                 0.024402,15.862306,-1.675801, 1.000000;;
              }
              Frame Armature_mixamorig_Head {
                FrameTransformMatrix {
                   0.967209,-0.005825,-0.253913, 0.000000,
                  -0.073102, 0.951045,-0.300281, 0.000000,
                   0.243232, 0.308996, 0.919434, 0.000000,
                  -0.000002, 5.563975, 0.988104, 1.000000;;
                }
                Frame Armature_mixamorig_HeadTop_End {
                  FrameTransformMatrix {
                     1.000000,-0.000000,-0.000000, 0.000000,
                    -0.000000, 1.000000,-0.000000, 0.000000,
                    -0.000000, 0.000000, 1.000000, 0.000000,
                    -0.000000,18.311899, 3.086900, 1.000000;;
                  }
                } // End of Armature_mixamorig_HeadTop_End
                Frame Armature_mixamorig_LeftEye {
                  FrameTransformMatrix {
                    -0.000000,-0.000000,-1.000000, 0.000000,
                     1.000000,-0.000000,-0.000000, 0.000000,
                    -0.000000,-1.000000,-0.000000, 0.000000,
                     2.284400, 7.935703, 7.063704, 1.000000;;
                  }
                } // End of Armature_mixamorig_LeftEye
                Frame Armature_mixamorig_RightEye {
                  FrameTransformMatrix {
                     0.000000, 0.000000, 1.000000, 0.000000,
                    -1.000000, 0.000000,-0.000000, 0.000000,
                    -0.000000,-1.000000,-0.000000, 0.000000,
                    -2.377500, 7.935711, 7.063703, 1.000000;;
                  }
                } // End of Armature_mixamorig_RightEye
              } // End of Armature_mixamorig_Head
            } // End of Armature_mixamorig_Neck
            Frame Armature_mixamorig_RightShoulder {
              FrameTransformMatrix {
                -0.069338,-0.018634, 0.997419, 0.000000,
                -0.986252,-0.149056,-0.071346, 0.000000,
                 0.150001,-0.988653,-0.008043, 0.000000,
                -5.979198,13.670214,-1.662601, 1.000000;;
              }
              Frame Armature_mixamorig_RightArm {
                FrameTransformMatrix {
                   0.974543, 0.083019, 0.208266, 0.000000,
                  -0.204560, 0.709469, 0.674395, 0.000000,
                  -0.091770,-0.699830, 0.708390, 0.000000,
                  -0.000001,12.607896, 0.000007, 1.000000;;
                }
                Frame Armature_mixamorig_RightForeArm {
                  FrameTransformMatrix {
                     0.054470,-0.948610,-0.311725, 0.000000,
                     0.993001, 0.084227,-0.082795, 0.000000,
                     0.104796,-0.305033, 0.946558, 0.000000,
                     0.000006,25.574303,-0.000006, 1.000000;;
                  }
                  Frame Armature_mixamorig_RightHand {
                    FrameTransformMatrix {
                       0.981050,-0.189705,-0.039416, 0.000000,
                       0.192179, 0.926800, 0.322659, 0.000000,
                      -0.024679,-0.324119, 0.945694, 0.000000,
                       0.000003,21.603504,-0.000005, 1.000000;;
                    }
                    Frame Armature_mixamorig_RightHandIndex1 {
                      FrameTransformMatrix {
                         0.998833, 0.048056,-0.004742, 0.000000,
                        -0.019261, 0.486527, 0.873453, 0.000000,
                         0.044282,-0.872343, 0.486885, 0.000000,
                         2.341909, 9.909586,-0.291393, 1.000000;;
                      }
                      Frame Armature_mixamorig_RightHandIndex2 {
                        FrameTransformMatrix {
                           0.997042,-0.076856,-0.000020, 0.000000,
                           0.030408, 0.394246, 0.918502, 0.000000,
                          -0.070585,-0.915785, 0.395417, 0.000000,
                           0.000006, 3.776706,-0.000000, 1.000000;;
                        }
                        Frame Armature_mixamorig_RightHandIndex3 {
                          FrameTransformMatrix {
                             0.999419, 0.007313, 0.033289, 0.000000,
                            -0.032369, 0.509512, 0.859855, 0.000000,
                            -0.010673,-0.860433, 0.509452, 0.000000,
                             0.000006, 2.543000,-0.000005, 1.000000;;
                          }
                          Frame Armature_mixamorig_RightHandIndex4 {
                            FrameTransformMatrix {
                               1.000000,-0.000000, 0.000000, 0.000000,
                              -0.000000, 1.000000,-0.000000, 0.000000,
                               0.000000, 0.000000, 1.000000, 0.000000,
                               0.000002, 2.529008, 0.000004, 1.000000;;
                            }
                          } // End of Armature_mixamorig_RightHandIndex4
                        } // End of Armature_mixamorig_RightHandIndex3
                      } // End of Armature_mixamorig_RightHandIndex2
                    } // End of Armature_mixamorig_RightHandIndex1
                    Frame Armature_mixamorig_RightHandMiddle1 {
                      FrameTransformMatrix {
                         0.999816, 0.003392,-0.018886, 0.000000,
                         0.016355, 0.364081, 0.931224, 0.000000,
                         0.010035,-0.931361, 0.363959, 0.000000,
                         0.000008, 9.700585, 0.000004, 1.000000;;
                      }
                      Frame Armature_mixamorig_RightHandMiddle2 {
                        FrameTransformMatrix {
                           0.996318,-0.085719,-0.001697, 0.000000,
                           0.010132, 0.098063, 0.995129, 0.000000,
                          -0.085135,-0.991482, 0.098570, 0.000000,
                          -0.000001, 4.014599, 0.000001, 1.000000;;
                        }
                        Frame Armature_mixamorig_RightHandMiddle3 {
                          FrameTransformMatrix {
                             0.999608, 0.023168, 0.015716, 0.000000,
                            -0.027985, 0.842161, 0.538499, 0.000000,
                            -0.000759,-0.538728, 0.842479, 0.000000,
                            -0.000004, 2.996709,-0.000002, 1.000000;;
                          }
                          Frame Armature_mixamorig_RightHandMiddle4 {
                            FrameTransformMatrix {
                               1.000000,-0.000000,-0.000000, 0.000000,
                              -0.000000, 1.000000, 0.000000, 0.000000,
                              -0.000000, 0.000000, 1.000000, 0.000000,
                              -0.000005, 2.824992, 0.000001, 1.000000;;
                            }
                          } // End of Armature_mixamorig_RightHandMiddle4
                        } // End of Armature_mixamorig_RightHandMiddle3
                      } // End of Armature_mixamorig_RightHandMiddle2
                    } // End of Armature_mixamorig_RightHandMiddle1
                    Frame Armature_mixamorig_RightHandPinky1 {
                      FrameTransformMatrix {
                         0.998061,-0.002681,-0.062183, 0.000000,
                         0.062217, 0.070695, 0.995556, 0.000000,
                         0.001727,-0.997494, 0.070725, 0.000000,
                        -4.712797, 8.985288,-0.221698, 1.000000;;
                      }
                      Frame Armature_mixamorig_RightHandPinky2 {
                        FrameTransformMatrix {
                           0.999999,-0.001094,-0.000774, 0.000000,
                           0.001269, 0.587465, 0.809249, 0.000000,
                          -0.000431,-0.809249, 0.587466, 0.000000,
                          -0.000009, 3.562500, 0.000003, 1.000000;;
                        }
                        Frame Armature_mixamorig_RightHandPinky3 {
                          FrameTransformMatrix {
                             1.000000,-0.000673,-0.000094, 0.000000,
                             0.000646, 0.897785, 0.440434, 0.000000,
                            -0.000212,-0.440433, 0.897785, 0.000000,
                            -0.000002, 2.335211, 0.000006, 1.000000;;
                          }
                          Frame Armature_mixamorig_RightHandPinky4 {
                            FrameTransformMatrix {
                               1.000000,-0.000000, 0.000000, 0.000000,
                              -0.000000, 1.000000,-0.000000, 0.000000,
                              -0.000000, 0.000000, 1.000000, 0.000000,
                               0.000002, 2.037295, 0.000002, 1.000000;;
                            }
                          } // End of Armature_mixamorig_RightHandPinky4
                        } // End of Armature_mixamorig_RightHandPinky3
                      } // End of Armature_mixamorig_RightHandPinky2
                    } // End of Armature_mixamorig_RightHandPinky1
                    Frame Armature_mixamorig_RightHandRing1 {
                      FrameTransformMatrix {
                         0.996930, 0.077460, 0.011417, 0.000000,
                        -0.025439, 0.182546, 0.982868, 0.000000,
                         0.074049,-0.980141, 0.183956, 0.000000,
                        -2.241700, 9.308293,-0.143594, 1.000000;;
                      }
                      Frame Armature_mixamorig_RightHandRing2 {
                        FrameTransformMatrix {
                           0.999715,-0.020164,-0.012768, 0.000000,
                           0.018105, 0.292165, 0.956196, 0.000000,
                          -0.015551,-0.956155, 0.292447, 0.000000,
                           0.000003, 4.019393,-0.000003, 1.000000;;
                        }
                        Frame Armature_mixamorig_RightHandRing3 {
                          FrameTransformMatrix {
                             0.999783, 0.020782,-0.001329, 0.000000,
                            -0.015307, 0.776642, 0.629756, 0.000000,
                             0.014120,-0.629599, 0.776792, 0.000000,
                             0.000002, 2.790807, 0.000003, 1.000000;;
                          }
                          Frame Armature_mixamorig_RightHandRing4 {
                            FrameTransformMatrix {
                               1.000000, 0.000000,-0.000000, 0.000000,
                              -0.000000, 1.000000, 0.000000, 0.000000,
                               0.000000, 0.000000, 1.000000, 0.000000,
                              -0.000000, 2.540696,-0.000003, 1.000000;;
                            }
                          } // End of Armature_mixamorig_RightHandRing4
                        } // End of Armature_mixamorig_RightHandRing3
                      } // End of Armature_mixamorig_RightHandRing2
                    } // End of Armature_mixamorig_RightHandRing1
                    Frame Armature_mixamorig_RightHandThumb1 {
                      FrameTransformMatrix {
                         0.976732,-0.103456, 0.187858, 0.000000,
                        -0.095406, 0.574892, 0.812648, 0.000000,
                        -0.192071,-0.811662, 0.551646, 0.000000,
                         2.370404, 3.545489, 1.908105, 1.000000;;
                      }
                      Frame Armature_mixamorig_RightHandThumb2 {
                        FrameTransformMatrix {
                           0.951148, 0.004170, 0.308707, 0.000000,
                           0.056214, 0.980855,-0.186449, 0.000000,
                          -0.303574, 0.194694, 0.932704, 0.000000,
                          -0.000010, 2.808400,-0.000003, 1.000000;;
                        }
                        Frame Armature_mixamorig_RightHandThumb3 {
                          FrameTransformMatrix {
                             0.926123, 0.229225,-0.299585, 0.000000,
                            -0.298668, 0.930701,-0.211172, 0.000000,
                             0.230419, 0.285048, 0.930406, 0.000000,
                            -0.000000, 2.378999,-0.000002, 1.000000;;
                          }
                          Frame Armature_mixamorig_RightHandThumb4 {
                            FrameTransformMatrix {
                               1.000000,-0.000000,-0.000000, 0.000000,
                              -0.000000, 1.000000,-0.000000, 0.000000,
                              -0.000000, 0.000000, 1.000000, 0.000000,
                              -0.000003, 2.445012, 0.000007, 1.000000;;
                            }
                          } // End of Armature_mixamorig_RightHandThumb4
                        } // End of Armature_mixamorig_RightHandThumb3
                      } // End of Armature_mixamorig_RightHandThumb2
                    } // End of Armature_mixamorig_RightHandThumb1
                    Frame Armature_mixamorig_Sword_joint {
                      FrameTransformMatrix {
                        -0.000000,-1.000000,-0.000000, 0.000000,
                        -0.000000, 0.000000,-1.000000, 0.000000,
                         1.000000,-0.000000,-0.000000, 0.000000,
                        -0.770199, 7.959990, 2.820801, 1.000000;;
                      }
                    } // End of Armature_mixamorig_Sword_joint
                  } // End of Armature_mixamorig_RightHand
                } // End of Armature_mixamorig_RightForeArm
              } // End of Armature_mixamorig_RightArm
            } // End of Armature_mixamorig_RightShoulder
          } // End of Armature_mixamorig_Spine2
        } // End of Armature_mixamorig_Spine1
      } // End of Armature_mixamorig_Spine
    } // End of Armature_mixamorig_Hips
  } // End of Armature
} // End of Root
AnimationSet Global {
  Animation {
    {Armature}
    AnimationKey { // Rotation
      0;
      34;
      0;4;-0.707107, 0.707107, 0.000000, 0.000000;;,
      1;4;-0.707107, 0.707107, 0.000000, 0.000000;;,
      2;4;-0.707107, 0.707107, 0.000000, 0.000000;;,
      3;4;-0.707107, 0.707107, 0.000000, 0.000000;;,
      4;4;-0.707107, 0.707107, 0.000000, 0.000000;;,
      5;4;-0.707107, 0.707107, 0.000000, 0.000000;;,
      6;4;-0.707107, 0.707107, 0.000000, 0.000000;;,
      7;4;-0.707107, 0.707107, 0.000000, 0.000000;;,
      8;4;-0.707107, 0.707107, 0.000000, 0.000000;;,
      9;4;-0.707107, 0.707107, 0.000000, 0.000000;;,
      10;4;-0.707107, 0.707107, 0.000000, 0.000000;;,
      11;4;-0.707107, 0.707107, 0.000000, 0.000000;;,
      12;4;-0.707107, 0.707107, 0.000000, 0.000000;;,
      13;4;-0.707107, 0.707107, 0.000000, 0.000000;;,
      14;4;-0.707107, 0.707107, 0.000000, 0.000000;;,
      15;4;-0.707107, 0.707107, 0.000000, 0.000000;;,
      16;4;-0.707107, 0.707107, 0.000000, 0.000000;;,
      17;4;-0.707107, 0.707107, 0.000000, 0.000000;;,
      18;4;-0.707107, 0.707107, 0.000000, 0.000000;;,
      19;4;-0.707107, 0.707107, 0.000000, 0.000000;;,
      20;4;-0.707107, 0.707107, 0.000000, 0.000000;;,
      21;4;-0.707107, 0.707107, 0.000000, 0.000000;;,
      22;4;-0.707107, 0.707107, 0.000000, 0.000000;;,
      23;4;-0.707107, 0.707107, 0.000000, 0.000000;;,
      24;4;-0.707107, 0.707107, 0.000000, 0.000000;;,
      25;4;-0.707107, 0.707107, 0.000000, 0.000000;;,
      26;4;-0.707107, 0.707107, 0.000000, 0.000000;;,
      27;4;-0.707107, 0.707107, 0.000000, 0.000000;;,
      28;4;-0.707107, 0.707107, 0.000000, 0.000000;;,
      29;4;-0.707107, 0.707107, 0.000000, 0.000000;;,
      30;4;-0.707107, 0.707107, 0.000000, 0.000000;;,
      31;4;-0.707107, 0.707107, 0.000000, 0.000000;;,
      32;4;-0.707107, 0.707107, 0.000000, 0.000000;;,
      33;4;-0.707107, 0.707107, 0.000000, 0.000000;;;
    }
    AnimationKey { // Scale
      1;
      34;
      0;3; 0.010000, 0.010000, 0.010000;;,
      1;3; 0.010000, 0.010000, 0.010000;;,
      2;3; 0.010000, 0.010000, 0.010000;;,
      3;3; 0.010000, 0.010000, 0.010000;;,
      4;3; 0.010000, 0.010000, 0.010000;;,
      5;3; 0.010000, 0.010000, 0.010000;;,
      6;3; 0.010000, 0.010000, 0.010000;;,
      7;3; 0.010000, 0.010000, 0.010000;;,
      8;3; 0.010000, 0.010000, 0.010000;;,
      9;3; 0.010000, 0.010000, 0.010000;;,
      10;3; 0.010000, 0.010000, 0.010000;;,
      11;3; 0.010000, 0.010000, 0.010000;;,
      12;3; 0.010000, 0.010000, 0.010000;;,
      13;3; 0.010000, 0.010000, 0.010000;;,
      14;3; 0.010000, 0.010000, 0.010000;;,
      15;3; 0.010000, 0.010000, 0.010000;;,
      16;3; 0.010000, 0.010000, 0.010000;;,
      17;3; 0.010000, 0.010000, 0.010000;;,
      18;3; 0.010000, 0.010000, 0.010000;;,
      19;3; 0.010000, 0.010000, 0.010000;;,
      20;3; 0.010000, 0.010000, 0.010000;;,
      21;3; 0.010000, 0.010000, 0.010000;;,
      22;3; 0.010000, 0.010000, 0.010000;;,
      23;3; 0.010000, 0.010000, 0.010000;;,
      24;3; 0.010000, 0.010000, 0.010000;;,
      25;3; 0.010000, 0.010000, 0.010000;;,
      26;3; 0.010000, 0.010000, 0.010000;;,
      27;3; 0.010000, 0.010000, 0.010000;;,
      28;3; 0.010000, 0.010000, 0.010000;;,
      29;3; 0.010000, 0.010000, 0.010000;;,
      30;3; 0.010000, 0.010000, 0.010000;;,
      31;3; 0.010000, 0.010000, 0.010000;;,
      32;3; 0.010000, 0.010000, 0.010000;;,
      33;3; 0.010000, 0.010000, 0.010000;;;
    }
    AnimationKey { // Position
      2;
      34;
      0;3; 0.000000, 0.000000, 0.000000;;,
      1;3; 0.000000, 0.000000, 0.000000;;,
      2;3; 0.000000, 0.000000, 0.000000;;,
      3;3; 0.000000, 0.000000, 0.000000;;,
      4;3; 0.000000, 0.000000, 0.000000;;,
      5;3; 0.000000, 0.000000, 0.000000;;,
      6;3; 0.000000, 0.000000, 0.000000;;,
      7;3; 0.000000, 0.000000, 0.000000;;,
      8;3; 0.000000, 0.000000, 0.000000;;,
      9;3; 0.000000, 0.000000, 0.000000;;,
      10;3; 0.000000, 0.000000, 0.000000;;,
      11;3; 0.000000, 0.000000, 0.000000;;,
      12;3; 0.000000, 0.000000, 0.000000;;,
      13;3; 0.000000, 0.000000, 0.000000;;,
      14;3; 0.000000, 0.000000, 0.000000;;,
      15;3; 0.000000, 0.000000, 0.000000;;,
      16;3; 0.000000, 0.000000, 0.000000;;,
      17;3; 0.000000, 0.000000, 0.000000;;,
      18;3; 0.000000, 0.000000, 0.000000;;,
      19;3; 0.000000, 0.000000, 0.000000;;,
      20;3; 0.000000, 0.000000, 0.000000;;,
      21;3; 0.000000, 0.000000, 0.000000;;,
      22;3; 0.000000, 0.000000, 0.000000;;,
      23;3; 0.000000, 0.000000, 0.000000;;,
      24;3; 0.000000, 0.000000, 0.000000;;,
      25;3; 0.000000, 0.000000, 0.000000;;,
      26;3; 0.000000, 0.000000, 0.000000;;,
      27;3; 0.000000, 0.000000, 0.000000;;,
      28;3; 0.000000, 0.000000, 0.000000;;,
      29;3; 0.000000, 0.000000, 0.000000;;,
      30;3; 0.000000, 0.000000, 0.000000;;,
      31;3; 0.000000, 0.000000, 0.000000;;,
      32;3; 0.000000, 0.000000, 0.000000;;,
      33;3; 0.000000, 0.000000, 0.000000;;;
    }
  }
  Animation {
    {Armature_mixamorig_Hips}
    AnimationKey { // Rotation
      0;
      34;
      0;4;-0.999867,-0.010102, 0.000759, 0.012759;;,
      1;4;-0.999805,-0.008975,-0.007932, 0.015683;;,
      2;4;-0.999666,-0.007685,-0.016646, 0.018201;;,
      3;4;-0.999404,-0.006489,-0.027003, 0.020507;;,
      4;4;-0.998953,-0.004800,-0.040195, 0.021302;;,
      5;4;-0.998278,-0.003279,-0.055292, 0.019324;;,
      6;4;-0.997445,-0.000949,-0.069419, 0.016859;;,
      7;4;-0.996871, 0.000178,-0.077530, 0.015407;;,
      8;4;-0.996646,-0.000366,-0.080379, 0.015332;;,
      9;4;-0.996485,-0.002479,-0.082350, 0.015185;;,
      10;4;-0.996411,-0.005715,-0.083336, 0.013719;;,
      11;4;-0.996469,-0.008929,-0.082733, 0.011157;;,
      12;4;-0.996622,-0.011685,-0.080881, 0.008193;;,
      13;4;-0.996962,-0.012331,-0.076695, 0.005652;;,
      14;4;-0.997482,-0.010253,-0.070073, 0.003880;;,
      15;4;-0.998048,-0.006508,-0.062058, 0.002705;;,
      16;4;-0.998575,-0.001735,-0.053300, 0.002080;;,
      17;4;-0.999052, 0.003707,-0.043308, 0.002401;;,
      18;4;-0.999433, 0.008517,-0.032419, 0.003307;;,
      19;4;-0.999671, 0.011845,-0.022262, 0.004669;;,
      20;4;-0.999811, 0.013100,-0.012833, 0.006509;;,
      21;4;-0.999883, 0.012298,-0.002850, 0.008600;;,
      22;4;-0.999851, 0.010244, 0.008419, 0.011069;;,
      23;4;-0.999661, 0.008947, 0.018886, 0.015513;;,
      24;4;-0.999416, 0.008937, 0.027455, 0.018252;;,
      25;4;-0.999178, 0.009648, 0.035254, 0.017521;;,
      26;4;-0.998977, 0.008993, 0.042209, 0.013470;;,
      27;4;-0.998768, 0.006404, 0.048238, 0.009731;;,
      28;4;-0.998688,-0.000268, 0.050736, 0.006913;;,
      29;4;-0.998851,-0.008493, 0.046854, 0.005384;;,
      30;4;-0.999296,-0.011885, 0.035189, 0.005317;;,
      31;4;-0.999615,-0.011583, 0.023963, 0.007896;;,
      32;4;-0.999801,-0.010590, 0.012875, 0.010995;;,
      33;4;-0.999867,-0.010102, 0.000759, 0.012759;;;
    }
    AnimationKey { // Scale
      1;
      34;
      0;3; 1.000000, 1.000000, 1.000000;;,
      1;3; 1.000000, 1.000000, 1.000000;;,
      2;3; 1.000000, 1.000000, 1.000000;;,
      3;3; 1.000000, 1.000000, 1.000000;;,
      4;3; 1.000000, 1.000000, 1.000000;;,
      5;3; 1.000000, 1.000000, 1.000000;;,
      6;3; 1.000000, 1.000000, 1.000000;;,
      7;3; 1.000000, 1.000000, 1.000000;;,
      8;3; 1.000000, 1.000000, 1.000000;;,
      9;3; 1.000000, 1.000000, 1.000000;;,
      10;3; 1.000000, 1.000000, 1.000000;;,
      11;3; 1.000000, 1.000000, 1.000000;;,
      12;3; 1.000000, 1.000000, 1.000000;;,
      13;3; 1.000000, 1.000000, 1.000000;;,
      14;3; 1.000000, 1.000000, 1.000000;;,
      15;3; 1.000000, 1.000000, 1.000000;;,
      16;3; 1.000000, 1.000000, 1.000000;;,
      17;3; 1.000000, 1.000000, 1.000000;;,
      18;3; 1.000000, 1.000000, 1.000000;;,
      19;3; 1.000000, 1.000000, 1.000000;;,
      20;3; 1.000000, 1.000000, 1.000000;;,
      21;3; 1.000000, 1.000000, 1.000000;;,
      22;3; 1.000000, 1.000000, 1.000000;;,
      23;3; 1.000000, 1.000000, 1.000000;;,
      24;3; 1.000000, 1.000000, 1.000000;;,
      25;3; 1.000000, 1.000000, 1.000000;;,
      26;3; 1.000000, 1.000000, 1.000000;;,
      27;3; 1.000000, 1.000000, 1.000000;;,
      28;3; 1.000000, 1.000000, 1.000000;;,
      29;3; 1.000000, 1.000000, 1.000000;;,
      30;3; 1.000000, 1.000000, 1.000000;;,
      31;3; 1.000000, 1.000000, 1.000000;;,
      32;3; 1.000000, 1.000000, 1.000000;;,
      33;3; 1.000000, 1.000000, 1.000000;;;
    }
    AnimationKey { // Position
      2;
      34;
      0;3; 0.002430,91.759201, 0.033495;;,
