xof 0303txt 0032

Frame Root {
  FrameTransformMatrix {
     1.000000, 0.000000, 0.000000, 0.000000,
     0.000000,-0.000000,-1.000000, 0.000000,
     0.000000, 1.000000,-0.000000, 0.000000,
     0.000000, 0.000000, 0.000000, 1.000000;;
  }
  Frame Armature {
    FrameTransformMatrix {
       0.010000, 0.000000, 0.000000, 0.000000,
       0.000000,-0.000000, 0.010000, 0.000000,
       0.000000,-0.010000,-0.000000, 0.000000,
       0.000000, 0.000000, 0.000000, 1.000000;;
    }
    Frame Armature_Mutant_Hips {
      FrameTransformMatrix {
         0.999180,-0.006388, 0.039981, 0.000000,
         0.004113, 0.998382, 0.056717, 0.000000,
        -0.040279,-0.056506, 0.997589, 0.000000,
         0.231635,89.116806,-124.082504, 1.000000;;
      }
      Frame Armature_Mutant_LeftUpLeg {
        FrameTransformMatrix {
           0.997922,-0.012049,-0.063295, 0.000000,
          -0.027565, 0.808082,-0.588425, 0.000000,
           0.058237, 0.588947, 0.806071, 0.000000,
          13.656000,-7.135199, 0.129695, 1.000000;;
        }
        Frame Armature_Mutant_LeftLeg {
          FrameTransformMatrix {
             0.986819, 0.151780,-0.056132, 0.000000,
            -0.042024, 0.575322, 0.816847, 0.000000,
             0.156275,-0.803721, 0.574117, 0.000000,
            -0.000000,-35.919090, 1.481398, 1.000000;;
          }
          Frame Armature_Mutant_LeftFoot {
            FrameTransformMatrix {
               0.994333,-0.093507,-0.050589, 0.000000,
               0.092093, 0.995311,-0.029588, 0.000000,
               0.053118, 0.024762, 0.998281, 0.000000,
              -0.000003,-34.307404,-2.646693, 1.000000;;
            }
            Frame Armature_Mutant_LeftToeBase {
              FrameTransformMatrix {
                 0.999894,-0.014539, 0.000562, 0.000000,
                 0.014348, 0.978884,-0.203911, 0.000000,
                 0.002415, 0.203897, 0.978989, 0.000000,
                 0.000002,-15.193099,14.911807, 1.000000;;
              }
              Frame Armature_Mutant_LeftToe_End {
                FrameTransformMatrix {
                   1.000000, 0.000000, 0.000000, 0.000000,
                  -0.000000, 1.000000, 0.000000, 0.000000,
                  -0.000000, 0.000000, 1.000000, 0.000000,
                   0.000000, 0.000001,16.883802, 1.000000;;
                }
              } // End of Armature_Mutant_LeftToe_End
            } // End of Armature_Mutant_LeftToeBase
          } // End of Armature_Mutant_LeftFoot
        } // End of Armature_Mutant_LeftLeg
      } // End of Armature_Mutant_LeftUpLeg
      Frame Armature_Mutant_RightUpLeg {
        FrameTransformMatrix {
           0.996251, 0.085665, 0.012077, 0.000000,
          -0.073317, 0.910142,-0.407757, 0.000000,
          -0.045922, 0.405343, 0.913011, 0.000000,
          -13.655999,-7.135200, 0.129694, 1.000000;;
        }
        Frame Armature_Mutant_RightLeg {
          FrameTransformMatrix {
             0.999546,-0.002045,-0.030057, 0.000000,
             0.014728, 0.903521, 0.428290, 0.000000,
             0.026281,-0.428539, 0.903141, 0.000000,
             0.000001,-35.919083, 1.481415, 1.000000;;
          }
          Frame Armature_Mutant_RightFoot {
            FrameTransformMatrix {
               0.997796,-0.066314,-0.002499, 0.000000,
               0.065916, 0.994752,-0.078251, 0.000000,
               0.007675, 0.077914, 0.996931, 0.000000,
               0.000000,-34.307400,-2.646703, 1.000000;;
            }
            Frame Armature_Mutant_RightToeBase {
              FrameTransformMatrix {
                 1.000000, 0.000000, 0.000000, 0.000000,
                -0.000000, 0.997718,-0.067518, 0.000000,
                -0.000000, 0.067518, 0.997718, 0.000000,
                -0.000001,-15.193101,14.911805, 1.000000;;
              }
              Frame Armature_Mutant_RightToe_End {
                FrameTransformMatrix {
                   1.000000,-0.000000,-0.000000, 0.000000,
                  -0.000000, 1.000000, 0.000000, 0.000000,
                   0.000000,-0.000000, 1.000000, 0.000000,
                  -0.000000, 0.000000,16.883799, 1.000000;;
                }
              } // End of Armature_Mutant_RightToe_End
            } // End of Armature_Mutant_RightToeBase
          } // End of Armature_Mutant_RightFoot
        } // End of Armature_Mutant_RightLeg
      } // End of Armature_Mutant_RightUpLeg
      Frame Armature_Mutant_Spine {
        FrameTransformMatrix {
           0.999553,-0.014021,-0.026398, 0.000000,
           0.015217, 0.998841, 0.045656, 0.000000,
           0.025728,-0.046037, 0.998608, 0.000000,
           0.000000,10.763905, 1.243489, 1.000000;;
        }
        Frame Armature_Mutant_Spine1 {
          FrameTransformMatrix {
             0.999874,-0.005864,-0.014748, 0.000000,
             0.006421, 0.999256, 0.038040, 0.000000,
             0.014514,-0.038130, 0.999167, 0.000000,
            -0.018900,13.061296, 0.227494, 1.000000;;
          }
          Frame Armature_Mutant_Spine2 {
            FrameTransformMatrix {
               0.999887,-0.005449,-0.014025, 0.000000,
               0.005983, 0.999247, 0.038325, 0.000000,
               0.013806,-0.038404, 0.999167, 0.000000,
              -0.021600,12.988187,-0.916709, 1.000000;;
            }
            Frame Armature_Mutant_LeftShoulder {
              FrameTransformMatrix {
                 0.983717,-0.177799, 0.026235, 0.000000,
                 0.177444, 0.984012, 0.015324, 0.000000,
                -0.028540,-0.010419, 0.999538, 0.000000,
                 9.553600,16.065393,-5.227792, 1.000000;;
              }
              Frame Armature_Mutant_LeftArm {
                FrameTransformMatrix {
                   0.288827,-0.955202,-0.064561, 0.000000,
                   0.890209, 0.243137, 0.385243, 0.000000,
                  -0.352288,-0.168741, 0.920554, 0.000000,
                  17.893002, 2.066095,-0.922903, 1.000000;;
                }
                Frame Armature_Mutant_LeftForeArm {
                  FrameTransformMatrix {
                     0.998473,-0.000019,-0.055237, 0.000000,
                     0.000019, 1.000000,-0.000001, 0.000000,
                     0.055237, 0.000000, 0.998473, 0.000000,
                    26.374794,-0.000113,-1.459105, 1.000000;;
                  }
                  Frame Armature_Mutant_LeftHand {
                    FrameTransformMatrix {
                       1.000000, 0.000000, 0.000000, 0.000000,
                      -0.000000, 1.000000, 0.000000, 0.000000,
                       0.000000,-0.000000, 1.000000, 0.000000,
                      26.753401, 0.000402,-0.000005, 1.000000;;
                    }
                  } // End of Armature_Mutant_LeftHand
                } // End of Armature_Mutant_LeftForeArm
              } // End of Armature_Mutant_LeftArm
            } // End of Armature_Mutant_LeftShoulder
            Frame Armature_Mutant_Neck {
              FrameTransformMatrix {
                 0.999983, 0.000787, 0.005716, 0.000000,
                -0.000607, 0.999510,-0.031292, 0.000000,
                -0.005738, 0.031288, 0.999494, 0.000000,
                -0.011900,24.670702, 2.028109, 1.000000;;
              }
              Frame Armature_Mutant_Head {
                FrameTransformMatrix {
                   0.999982, 0.000832, 0.005970, 0.000000,
                  -0.000645, 0.999512,-0.031244, 0.000000,
                  -0.005993, 0.031239, 0.999494, 0.000000,
                   0.000000, 8.817337, 6.102600, 1.000000;;
                }
              } // End of Armature_Mutant_Head
            } // End of Armature_Mutant_Neck
            Frame Armature_Mutant_RightShoulder {
              FrameTransformMatrix {
                 0.976602, 0.204998,-0.065001, 0.000000,
                -0.203850, 0.978710, 0.023904, 0.000000,
                 0.068517,-0.010094, 0.997599, 0.000000,
                -9.553599,16.065393,-5.227783, 1.000000;;
              }
              Frame Armature_Mutant_RightArm {
                FrameTransformMatrix {
                   0.395111, 0.878870,-0.267347, 0.000000,
                  -0.809998, 0.470592, 0.349924, 0.000000,
                   0.433349, 0.078292, 0.897819, 0.000000,
                  -17.811895, 2.066100,-0.922913, 1.000000;;
                }
                Frame Armature_Mutant_RightForeArm {
                  FrameTransformMatrix {
                     0.852698, 0.000018,-0.522405, 0.000000,
                    -0.000016, 1.000000, 0.000007, 0.000000,
                     0.522405, 0.000002, 0.852698, 0.000000,
                    -26.374796,-0.000110,-1.459101, 1.000000;;
                  }
                  Frame Armature_Mutant_RightHand {
                    FrameTransformMatrix {
                       0.979277,-0.045505, 0.197347, 0.000000,
                       0.104452, 0.948315,-0.299647, 0.000000,
                      -0.173511, 0.314051, 0.933416, 0.000000,
                      -26.753412, 0.000403, 0.000000, 1.000000;;
                    }
                    Frame Armature_Mutant_RightHandIndex1 {
                      FrameTransformMatrix {
                         0.884810, 0.228560,-0.406043, 0.000000,
                        -0.210973, 0.973500, 0.088247, 0.000000,
                         0.415453, 0.007582, 0.909583, 0.000000,
                        -18.447807, 1.479899, 8.654196, 1.000000;;
                      }
                      Frame Armature_Mutant_RightHandIndex2 {
                        FrameTransformMatrix {
                           0.931912, 0.362388, 0.014682, 0.000000,
                          -0.362354, 0.932027,-0.005005, 0.000000,
                          -0.015498,-0.000656, 0.999880, 0.000000,
                          -7.514413, 0.000007, 0.000002, 1.000000;;
                        }
                        Frame Armature_Mutant_RightHandIndex3 {
                          FrameTransformMatrix {
                             0.997896, 0.064030, 0.010202, 0.000000,
                            -0.064015, 0.997947,-0.001785, 0.000000,
                            -0.010295, 0.001128, 0.999946, 0.000000,
                            -7.489408, 0.000000,-0.000006, 1.000000;;
                          }
                          Frame Armature_Mutant_RightHandIndex4 {
                            FrameTransformMatrix {
                               1.000000,-0.000000,-0.000000, 0.000000,
                               0.000000, 1.000000, 0.000000, 0.000000,
                               0.000000,-0.000000, 1.000000, 0.000000,
                              -6.738800,-0.612495, 0.206204, 1.000000;;
                            }
                          } // End of Armature_Mutant_RightHandIndex4
                        } // End of Armature_Mutant_RightHandIndex3
                      } // End of Armature_Mutant_RightHandIndex2
                    } // End of Armature_Mutant_RightHandIndex1
                    Frame Armature_Mutant_RightHandPinky1 {
                      FrameTransformMatrix {
                         0.844765, 0.514958,-0.145572, 0.000000,
                        -0.494946, 0.855286, 0.153344, 0.000000,
                         0.203472,-0.057490, 0.977392, 0.000000,
                        -17.507805,-0.477695,-10.003109, 1.000000;;
                      }
                      Frame Armature_Mutant_RightHandPinky2 {
                        FrameTransformMatrix {
                           0.948283, 0.317418,-0.002028, 0.000000,
                          -0.317422, 0.948282,-0.001950, 0.000000,
                           0.001304, 0.002493, 0.999996, 0.000000,
                          -7.044200,-0.000002, 0.000002, 1.000000;;
                        }
                        Frame Armature_Mutant_RightHandPinky3 {
                          FrameTransformMatrix {
                             0.985092, 0.167959,-0.037196, 0.000000,
                            -0.168233, 0.985737,-0.004360, 0.000000,
                             0.035933, 0.010552, 0.999298, 0.000000,
                            -7.078903,-0.000004, 0.000001, 1.000000;;
                          }
                          Frame Armature_Mutant_RightHandPinky4 {
                            FrameTransformMatrix {
                               1.000000,-0.000000, 0.000000, 0.000000,
                               0.000000, 1.000000,-0.000000, 0.000000,
                              -0.000000, 0.000000, 1.000000, 0.000000,
                              -7.093000, 0.000004, 0.000010, 1.000000;;
                            }
                          } // End of Armature_Mutant_RightHandPinky4
                        } // End of Armature_Mutant_RightHandPinky3
                      } // End of Armature_Mutant_RightHandPinky2
                    } // End of Armature_Mutant_RightHandPinky1
                    Frame Armature_Mutant_RightHandThumb1 {
                      FrameTransformMatrix {
                         0.997505,-0.070499, 0.003615, 0.000000,
                         0.070485, 0.991883,-0.105830, 0.000000,
                         0.003875, 0.105821, 0.994378, 0.000000,
                        -2.492297,-4.446297, 6.163497, 1.000000;;
                      }
                      Frame Armature_Mutant_RightHandThumb2 {
                        FrameTransformMatrix {
                           0.998342,-0.056309, 0.011978, 0.000000,
                           0.056948, 0.996439,-0.062170, 0.000000,
                          -0.008435, 0.062749, 0.997994, 0.000000,
                          -6.602597,-4.313991, 6.890407, 1.000000;;
                        }
                        Frame Armature_Mutant_RightHandThumb3 {
                          FrameTransformMatrix {
                             0.985091, 0.081936, 0.151270, 0.000000,
                            -0.084440, 0.996377, 0.010197, 0.000000,
                            -0.149886,-0.022818, 0.988440, 0.000000,
                            -6.784801,-2.966899, 4.170491, 1.000000;;
                          }
                          Frame Armature_Mutant_RightHandThumb4 {
                            FrameTransformMatrix {
                               1.000000, 0.000000, 0.000000, 0.000000,
                              -0.000000, 1.000000,-0.000000, 0.000000,
                              -0.000000, 0.000000, 1.000000, 0.000000,
                              -7.130714,-2.033802, 3.069600, 1.000000;;
                            }
                          } // End of Armature_Mutant_RightHandThumb4
                        } // End of Armature_Mutant_RightHandThumb3
                      } // End of Armature_Mutant_RightHandThumb2
                    } // End of Armature_Mutant_RightHandThumb1
                  } // End of Armature_Mutant_RightHand
                } // End of Armature_Mutant_RightForeArm
              } // End of Armature_Mutant_RightArm
            } // End of Armature_Mutant_RightShoulder
          } // End of Armature_Mutant_Spine2
        } // End of Armature_Mutant_Spine1
      } // End of Armature_Mutant_Spine
    } // End of Armature_Mutant_Hips
  } // End of Armature
  Frame Mutant_HeadTop_End {
    FrameTransformMatrix {
       1.000000, 0.000000, 0.000000, 0.000000,
       0.000000, 1.000000, 0.000000, 0.000000,
       0.000000, 0.000000, 1.000000, 0.000000,
       0.052500,20.493900,-0.282500, 1.000000;;
    }
  } // End of Mutant_HeadTop_End
} // End of Root
AnimationSet Global {
  Animation {
    {Armature}
    AnimationKey { // Rotation
      0;
      250;
      0;4;-0.707107, 0.707107, 0.000000, 0.000000;;,
      1;4;-0.707107, 0.707107, 0.000000, 0.000000;;,
      2;4;-0.707107, 0.707107, 0.000000, 0.000000;;,
      3;4;-0.707107, 0.707107, 0.000000, 0.000000;;,
      4;4;-0.707107, 0.707107, 0.000000, 0.000000;;,
      5;4;-0.707107, 0.707107, 0.000000, 0.000000;;,
      6;4;-0.707107, 0.707107, 0.000000, 0.000000;;,
      7;4;-0.707107, 0.707107, 0.000000, 0.000000;;,
      8;4;-0.707107, 0.707107, 0.000000, 0.000000;;,
      9;4;-0.707107, 0.707107, 0.000000, 0.000000;;,
      10;4;-0.707107, 0.707107, 0.000000, 0.000000;;,
      11;4;-0.707107, 0.707107, 0.000000, 0.000000;;,
      12;4;-0.707107, 0.707107, 0.000000, 0.000000;;,
      13;4;-0.707107, 0.707107, 0.000000, 0.000000;;,
      14;4;-0.707107, 0.707107, 0.000000, 0.000000;;,
      15;4;-0.707107, 0.707107, 0.000000, 0.000000;;,
      16;4;-0.707107, 0.707107, 0.000000, 0.000000;;,
      17;4;-0.707107, 0.707107, 0.000000, 0.000000;;,
      18;4;-0.707107, 0.707107, 0.000000, 0.000000;;,
      19;4;-0.707107, 0.707107, 0.000000, 0.000000;;,
      20;4;-0.707107, 0.707107, 0.000000, 0.000000;;,
      21;4;-0.707107, 0.707107, 0.000000, 0.000000;;,
      22;4;-0.707107, 0.707107, 0.000000, 0.000000;;,
      23;4;-0.707107, 0.707107, 0.000000, 0.000000;;,
      24;4;-0.707107, 0.707107, 0.000000, 0.000000;;,
      25;4;-0.707107, 0.707107, 0.000000, 0.000000;;,
      26;4;-0.707107, 0.707107, 0.000000, 0.000000;;,
      27;4;-0.707107, 0.707107, 0.000000, 0.000000;;,
      28;4;-0.707107, 0.707107, 0.000000, 0.000000;;,
      29;4;-0.707107, 0.707107, 0.000000, 0.000000;;,
      30;4;-0.707107, 0.707107, 0.000000, 0.000000;;,
      31;4;-0.707107, 0.707107, 0.000000, 0.000000;;,
      32;4;-0.707107, 0.707107, 0.000000, 0.000000;;,
      33;4;-0.707107, 0.707107, 0.000000, 0.000000;;,
      34;4;-0.707107, 0.707107, 0.000000, 0.000000;;,
      35;4;-0.707107, 0.707107, 0.000000, 0.000000;;,
      36;4;-0.707107, 0.707107, 0.000000, 0.000000;;,
      37;4;-0.707107, 0.707107, 0.000000, 0.000000;;,
      38;4;-0.707107, 0.707107, 0.000000, 0.000000;;,
      39;4;-0.707107, 0.707107, 0.000000, 0.000000;;,
      40;4;-0.707107, 0.707107, 0.000000, 0.000000;;,
      41;4;-0.707107, 0.707107, 0.000000, 0.000000;;,
      42;4;-0.707107, 0.707107, 0.000000, 0.000000;;,
      43;4;-0.707107, 0.707107, 0.000000, 0.000000;;,
      44;4;-0.707107, 0.707107, 0.000000, 0.000000;;,
      45;4;-0.707107, 0.707107, 0.000000, 0.000000;;,
      46;4;-0.707107, 0.707107, 0.000000, 0.000000;;,
      47;4;-0.707107, 0.707107, 0.000000, 0.000000;;,
      48;4;-0.707107, 0.707107, 0.000000, 0.000000;;,
      49;4;-0.707107, 0.707107, 0.000000, 0.000000;;,
      50;4;-0.707107, 0.707107, 0.000000, 0.000000;;,
      51;4;-0.707107, 0.707107, 0.000000, 0.000000;;,
      52;4;-0.707107, 0.707107, 0.000000, 0.000000;;,
      53;4;-0.707107, 0.707107, 0.000000, 0.000000;;,
      54;4;-0.707107, 0.707107, 0.000000, 0.000000;;,
      55;4;-0.707107, 0.707107, 0.000000, 0.000000;;,
      56;4;-0.707107, 0.707107, 0.000000, 0.000000;;,
      57;4;-0.707107, 0.707107, 0.000000, 0.000000;;,
      58;4;-0.707107, 0.707107, 0.000000, 0.000000;;,
      59;4;-0.707107, 0.707107, 0.000000, 0.000000;;,
      60;4;-0.707107, 0.707107, 0.000000, 0.000000;;,
      61;4;-0.707107, 0.707107, 0.000000, 0.000000;;,
      62;4;-0.707107, 0.707107, 0.000000, 0.000000;;,
      63;4;-0.707107, 0.707107, 0.000000, 0.000000;;,
      64;4;-0.707107, 0.707107, 0.000000, 0.000000;;,
      65;4;-0.707107, 0.707107, 0.000000, 0.000000;;,
      66;4;-0.707107, 0.707107, 0.000000, 0.000000;;,
      67;4;-0.707107, 0.707107, 0.000000, 0.000000;;,
      68;4;-0.707107, 0.707107, 0.000000, 0.000000;;,
      69;4;-0.707107, 0.707107, 0.000000, 0.000000;;,
      70;4;-0.707107, 0.707107, 0.000000, 0.000000;;,
      71;4;-0.707107, 0.707107, 0.000000, 0.000000;;,
      72;4;-0.707107, 0.707107, 0.000000, 0.000000;;,
      73;4;-0.707107, 0.707107, 0.000000, 0.000000;;,
      74;4;-0.707107, 0.707107, 0.000000, 0.000000;;,
      75;4;-0.707107, 0.707107, 0.000000, 0.000000;;,
      76;4;-0.707107, 0.707107, 0.000000, 0.000000;;,
      77;4;-0.707107, 0.707107, 0.000000, 0.000000;;,
      78;4;-0.707107, 0.707107, 0.000000, 0.000000;;,
      79;4;-0.707107, 0.707107, 0.000000, 0.000000;;,
      80;4;-0.707107, 0.707107, 0.000000, 0.000000;;,
      81;4;-0.707107, 0.707107, 0.000000, 0.000000;;,
      82;4;-0.707107, 0.707107, 0.000000, 0.000000;;,
      83;4;-0.707107, 0.707107, 0.000000, 0.000000;;,
      84;4;-0.707107, 0.707107, 0.000000, 0.000000;;,
      85;4;-0.707107, 0.707107, 0.000000, 0.000000;;,
      86;4;-0.707107, 0.707107, 0.000000, 0.000000;;,
      87;4;-0.707107, 0.707107, 0.000000, 0.000000;;,
      88;4;-0.707107, 0.707107, 0.000000, 0.000000;;,
      89;4;-0.707107, 0.707107, 0.000000, 0.000000;;,
      90;4;-0.707107, 0.707107, 0.000000, 0.000000;;,
      91;4;-0.707107, 0.707107, 0.000000, 0.000000;;,
      92;4;-0.707107, 0.707107, 0.000000, 0.000000;;,
      93;4;-0.707107, 0.707107, 0.000000, 0.000000;;,
      94;4;-0.707107, 0.707107, 0.000000, 0.000000;;,
      95;4;-0.707107, 0.707107, 0.000000, 0.000000;;,
      96;4;-0.707107, 0.707107, 0.000000, 0.000000;;,
      97;4;-0.707107, 0.707107, 0.000000, 0.000000;;,
      98;4;-0.707107, 0.707107, 0.000000, 0.000000;;,
      99;4;-0.707107, 0.707107, 0.000000, 0.000000;;,
      100;4;-0.707107, 0.707107, 0.000000, 0.000000;;,
      101;4;-0.707107, 0.707107, 0.000000, 0.000000;;,
      102;4;-0.707107, 0.707107, 0.000000, 0.000000;;,
      103;4;-0.707107, 0.707107, 0.000000, 0.000000;;,
      104;4;-0.707107, 0.707107, 0.000000, 0.000000;;,
      105;4;-0.707107, 0.707107, 0.000000, 0.000000;;,
      106;4;-0.707107, 0.707107, 0.000000, 0.000000;;,
      107;4;-0.707107, 0.707107, 0.000000, 0.000000;;,
      108;4;-0.707107, 0.707107, 0.000000, 0.000000;;,
      109;4;-0.707107, 0.707107, 0.000000, 0.000000;;,
      110;4;-0.707107, 0.707107, 0.000000, 0.000000;;,
      111;4;-0.707107, 0.707107, 0.000000, 0.000000;;,
      112;4;-0.707107, 0.707107, 0.000000, 0.000000;;,
      113;4;-0.707107, 0.707107, 0.000000, 0.000000;;,
      114;4;-0.707107, 0.707107, 0.000000, 0.000000;;,
      115;4;-0.707107, 0.707107, 0.000000, 0.000000;;,
      116;4;-0.707107, 0.707107, 0.000000, 0.000000;;,
      117;4;-0.707107, 0.707107, 0.000000, 0.000000;;,
      118;4;-0.707107, 0.707107, 0.000000, 0.000000;;,
      119;4;-0.707107, 0.707107, 0.000000, 0.000000;;,
      120;4;-0.707107, 0.707107, 0.000000, 0.000000;;,
      121;4;-0.707107, 0.707107, 0.000000, 0.000000;;,
      122;4;-0.707107, 0.707107, 0.000000, 0.000000;;,
      123;4;-0.707107, 0.707107, 0.000000, 0.000000;;,
      124;4;-0.707107, 0.707107, 0.000000, 0.000000;;,
      125;4;-0.707107, 0.707107, 0.000000, 0.000000;;,
      126;4;-0.707107, 0.707107, 0.000000, 0.000000;;,
      127;4;-0.707107, 0.707107, 0.000000, 0.000000;;,
      128;4;-0.707107, 0.707107, 0.000000, 0.000000;;,
      129;4;-0.707107, 0.707107, 0.000000, 0.000000;;,
      130;4;-0.707107, 0.707107, 0.000000, 0.000000;;,
      131;4;-0.707107, 0.707107, 0.000000, 0.000000;;,
      132;4;-0.707107, 0.707107, 0.000000, 0.000000;;,
      133;4;-0.707107, 0.707107, 0.000000, 0.000000;;,
      134;4;-0.707107, 0.707107, 0.000000, 0.000000;;,
      135;4;-0.707107, 0.707107, 0.000000, 0.000000;;,
      136;4;-0.707107, 0.707107, 0.000000, 0.000000;;,
      137;4;-0.707107, 0.707107, 0.000000, 0.000000;;,
      138;4;-0.707107, 0.707107, 0.000000, 0.000000;;,
      139;4;-0.707107, 0.707107, 0.000000, 0.000000;;,
      140;4;-0.707107, 0.707107, 0.000000, 0.000000;;,
      141;4;-0.707107, 0.707107, 0.000000, 0.000000;;,
      142;4;-0.707107, 0.707107, 0.000000, 0.000000;;,
      143;4;-0.707107, 0.707107, 0.000000, 0.000000;;,
      144;4;-0.707107, 0.707107, 0.000000, 0.000000;;,
      145;4;-0.707107, 0.707107, 0.000000, 0.000000;;,
      146;4;-0.707107, 0.707107, 0.000000, 0.000000;;,
      147;4;-0.707107, 0.707107, 0.000000, 0.000000;;,
      148;4;-0.707107, 0.707107, 0.000000, 0.000000;;,
      149;4;-0.707107, 0.707107, 0.000000, 0.000000;;,
      150;4;-0.707107, 0.707107, 0.000000, 0.000000;;,
      151;4;-0.707107, 0.707107, 0.000000, 0.000000;;,
      152;4;-0.707107, 0.707107, 0.000000, 0.000000;;,
      153;4;-0.707107, 0.707107, 0.000000, 0.000000;;,
      154;4;-0.707107, 0.707107, 0.000000, 0.000000;;,
      155;4;-0.707107, 0.707107, 0.000000, 0.000000;;,
      156;4;-0.707107, 0.707107, 0.000000, 0.000000;;,
      157;4;-0.707107, 0.707107, 0.000000, 0.000000;;,
      158;4;-0.707107, 0.707107, 0.000000, 0.000000;;,
      159;4;-0.707107, 0.707107, 0.000000, 0.000000;;,
      160;4;-0.707107, 0.707107, 0.000000, 0.000000;;,
      161;4;-0.707107, 0.707107, 0.000000, 0.000000;;,
      162;4;-0.707107, 0.707107, 0.000000, 0.000000;;,
      163;4;-0.707107, 0.707107, 0.000000, 0.000000;;,
      164;4;-0.707107, 0.707107, 0.000000, 0.000000;;,
      165;4;-0.707107, 0.707107, 0.000000, 0.000000;;,
      166;4;-0.707107, 0.707107, 0.000000, 0.000000;;,
      167;4;-0.707107, 0.707107, 0.000000, 0.000000;;,
      168;4;-0.707107, 0.707107, 0.000000, 0.000000;;,
      169;4;-0.707107, 0.707107, 0.000000, 0.000000;;,
      170;4;-0.707107, 0.707107, 0.000000, 0.000000;;,
      171;4;-0.707107, 0.707107, 0.000000, 0.000000;;,
      172;4;-0.707107, 0.707107, 0.000000, 0.000000;;,
      173;4;-0.707107, 0.707107, 0.000000, 0.000000;;,
      174;4;-0.707107, 0.707107, 0.000000, 0.000000;;,
      175;4;-0.707107, 0.707107, 0.000000, 0.000000;;,
      176;4;-0.707107, 0.707107, 0.000000, 0.000000;;,
      177;4;-0.707107, 0.707107, 0.000000, 0.000000;;,
      178;4;-0.707107, 0.707107, 0.000000, 0.000000;;,
      179;4;-0.707107, 0.707107, 0.000000, 0.000000;;,
      180;4;-0.707107, 0.707107, 0.000000, 0.000000;;,
      181;4;-0.707107, 0.707107, 0.000000, 0.000000;;,
      182;4;-0.707107, 0.707107, 0.000000, 0.000000;;,
      183;4;-0.707107, 0.707107, 0.000000, 0.000000;;,
      184;4;-0.707107, 0.707107, 0.000000, 0.000000;;,
      185;4;-0.707107, 0.707107, 0.000000, 0.000000;;,
      186;4;-0.707107, 0.707107, 0.000000, 0.000000;;,
      187;4;-0.707107, 0.707107, 0.000000, 0.000000;;,
      188;4;-0.707107, 0.707107, 0.000000, 0.000000;;,
      189;4;-0.707107, 0.707107, 0.000000, 0.000000;;,
      190;4;-0.707107, 0.707107, 0.000000, 0.000000;;,
      191;4;-0.707107, 0.707107, 0.000000, 0.000000;;,
      192;4;-0.707107, 0.707107, 0.000000, 0.000000;;,
      193;4;-0.707107, 0.707107, 0.000000, 0.000000;;,
      194;4;-0.707107, 0.707107, 0.000000, 0.000000;;,
      195;4;-0.707107, 0.707107, 0.000000, 0.000000;;,
      196;4;-0.707107, 0.707107, 0.000000, 0.000000;;,
      197;4;-0.707107, 0.707107, 0.000000, 0.000000;;,
      198;4;-0.707107, 0.707107, 0.000000, 0.000000;;,
      199;4;-0.707107, 0.707107, 0.000000, 0.000000;;,
      200;4;-0.707107, 0.707107, 0.000000, 0.000000;;,
      201;4;-0.707107, 0.707107, 0.000000, 0.000000;;,
      202;4;-0.707107, 0.707107, 0.000000, 0.000000;;,
      203;4;-0.707107, 0.707107, 0.000000, 0.000000;;,
      204;4;-0.707107, 0.707107, 0.000000, 0.000000;;,
      205;4;-0.707107, 0.707107, 0.000000, 0.000000;;,
      206;4;-0.707107, 0.707107, 0.000000, 0.000000;;,
      207;4;-0.707107, 0.707107, 0.000000, 0.000000;;,
      208;4;-0.707107, 0.707107, 0.000000, 0.000000;;,
      209;4;-0.707107, 0.707107, 0.000000, 0.000000;;,
      210;4;-0.707107, 0.707107, 0.000000, 0.000000;;,
      211;4;-0.707107, 0.707107, 0.000000, 0.000000;;,
      212;4;-0.707107, 0.707107, 0.000000, 0.000000;;,
      213;4;-0.707107, 0.707107, 0.000000, 0.000000;;,
      214;4;-0.707107, 0.707107, 0.000000, 0.000000;;,
      215;4;-0.707107, 0.707107, 0.000000, 0.000000;;,
      216;4;-0.707107, 0.707107, 0.000000, 0.000000;;,
      217;4;-0.707107, 0.707107, 0.000000, 0.000000;;,
      218;4;-0.707107, 0.707107, 0.000000, 0.000000;;,
      219;4;-0.707107, 0.707107, 0.000000, 0.000000;;,
      220;4;-0.707107, 0.707107, 0.000000, 0.000000;;,
      221;4;-0.707107, 0.707107, 0.000000, 0.000000;;,
      222;4;-0.707107, 0.707107, 0.000000, 0.000000;;,
      223;4;-0.707107, 0.707107, 0.000000, 0.000000;;,
      224;4;-0.707107, 0.707107, 0.000000, 0.000000;;,
      225;4;-0.707107, 0.707107, 0.000000, 0.000000;;,
      226;4;-0.707107, 0.707107, 0.000000, 0.000000;;,
      227;4;-0.707107, 0.707107, 0.000000, 0.000000;;,
      228;4;-0.707107, 0.707107, 0.000000, 0.000000;;,
      229;4;-0.707107, 0.707107, 0.000000, 0.000000;;,
      230;4;-0.707107, 0.707107, 0.000000, 0.000000;;,
      231;4;-0.707107, 0.707107, 0.000000, 0.000000;;,
      232;4;-0.707107, 0.707107, 0.000000, 0.000000;;,
      233;4;-0.707107, 0.707107, 0.000000, 0.000000;;,
      234;4;-0.707107, 0.707107, 0.000000, 0.000000;;,
      235;4;-0.707107, 0.707107, 0.000000, 0.000000;;,
      236;4;-0.707107, 0.707107, 0.000000, 0.000000;;,
      237;4;-0.707107, 0.707107, 0.000000, 0.000000;;,
      238;4;-0.707107, 0.707107, 0.000000, 0.000000;;,
      239;4;-0.707107, 0.707107, 0.000000, 0.000000;;,
      240;4;-0.707107, 0.707107, 0.000000, 0.000000;;,
      241;4;-0.707107, 0.707107, 0.000000, 0.000000;;,
      242;4;-0.707107, 0.707107, 0.000000, 0.000000;;,
      243;4;-0.707107, 0.707107, 0.000000, 0.000000;;,
      244;4;-0.707107, 0.707107, 0.000000, 0.000000;;,
      245;4;-0.707107, 0.707107, 0.000000, 0.000000;;,
      246;4;-0.707107, 0.707107, 0.000000, 0.000000;;,
      247;4;-0.707107, 0.707107, 0.000000, 0.000000;;,
      248;4;-0.707107, 0.707107, 0.000000, 0.000000;;,
      249;4;-0.707107, 0.707107, 0.000000, 0.000000;;;
    }
    AnimationKey { // Scale
      1;
      250;
      0;3; 0.010000, 0.010000, 0.010000;;,
      1;3; 0.010000, 0.010000, 0.010000;;,
      2;3; 0.010000, 0.010000, 0.010000;;,
      3;3; 0.010000, 0.010000, 0.010000;;,
      4;3; 0.010000, 0.010000, 0.010000;;,
      5;3; 0.010000, 0.010000, 0.010000;;,
      6;3; 0.010000, 0.010000, 0.010000;;,
      7;3; 0.010000, 0.010000, 0.010000;;,
      8;3; 0.010000, 0.010000, 0.010000;;,
      9;3; 0.010000, 0.010000, 0.010000;;,
      10;3; 0.010000, 0.010000, 0.010000;;,
      11;3; 0.010000, 0.010000, 0.010000;;,
      12;3; 0.010000, 0.010000, 0.010000;;,
      13;3; 0.010000, 0.010000, 0.010000;;,
      14;3; 0.010000, 0.010000, 0.010000;;,
      15;3; 0.010000, 0.010000, 0.010000;;,
      16;3; 0.010000, 0.010000, 0.010000;;,
      17;3; 0.010000, 0.010000, 0.010000;;,
      18;3; 0.010000, 0.010000, 0.010000;;,
      19;3; 0.010000, 0.010000, 0.010000;;,
      20;3; 0.010000, 0.010000, 0.010000;;,
      21;3; 0.010000, 0.010000, 0.010000;;,
      22;3; 0.010000, 0.010000, 0.010000;;,
      23;3; 0.010000, 0.010000, 0.010000;;,
      24;3; 0.010000, 0.010000, 0.010000;;,
      25;3; 0.010000, 0.010000, 0.010000;;,
      26;3; 0.010000, 0.010000, 0.010000;;,
      27;3; 0.010000, 0.010000, 0.010000;;,
      28;3; 0.010000, 0.010000, 0.010000;;,
      29;3; 0.010000, 0.010000, 0.010000;;,
      30;3; 0.010000, 0.010000, 0.010000;;,
      31;3; 0.010000, 0.010000, 0.010000;;,
      32;3; 0.010000, 0.010000, 0.010000;;,
      33;3; 0.010000, 0.010000, 0.010000;;,
      34;3; 0.010000, 0.010000, 0.010000;;,
      35;3; 0.010000, 0.010000, 0.010000;;,
      36;3; 0.010000, 0.010000, 0.010000;;,
      37;3; 0.010000, 0.010000, 0.010000;;,
      38;3; 0.010000, 0.010000, 0.010000;;,
      39;3; 0.010000, 0.010000, 0.010000;;,
      40;3; 0.010000, 0.010000, 0.010000;;,
      41;3; 0.010000, 0.010000, 0.010000;;,
      42;3; 0.010000, 0.010000, 0.010000;;,
      43;3; 0.010000, 0.010000, 0.010000;;,
      44;3; 0.010000, 0.010000, 0.010000;;,
      45;3; 0.010000, 0.010000, 0.010000;;,
      46;3; 0.010000, 0.010000, 0.010000;;,
      47;3; 0.010000, 0.010000, 0.010000;;,
      48;3; 0.010000, 0.010000, 0.010000;;,
      49;3; 0.010000, 0.010000, 0.010000;;,
      50;3; 0.010000, 0.010000, 0.010000;;,
      51;3; 0.010000, 0.010000, 0.010000;;,
      52;3; 0.010000, 0.010000, 0.010000;;,
      53;3; 0.010000, 0.010000, 0.010000;;,
      54;3; 0.010000, 0.010000, 0.010000;;,
      55;3; 0.010000, 0.010000, 0.010000;;,
      56;3; 0.010000, 0.010000, 0.010000;;,
      57;3; 0.010000, 0.010000, 0.010000;;,
      58;3; 0.010000, 0.010000, 0.010000;;,
      59;3; 0.010000, 0.010000, 0.010000;;,
      60;3; 0.010000, 0.010000, 0.010000;;,
      61;3; 0.010000, 0.010000, 0.010000;;,
      62;3; 0.010000, 0.010000, 0.010000;;,
      63;3; 0.010000, 0.010000, 0.010000;;,
      64;3; 0.010000, 0.010000, 0.010000;;,
      65;3; 0.010000, 0.010000, 0.010000;;,
      66;3; 0.010000, 0.010000, 0.010000;;,
      67;3; 0.010000, 0.010000, 0.010000;;,
      68;3; 0.010000, 0.010000, 0.010000;;,
      69;3; 0.010000, 0.010000, 0.010000;;,
      70;3; 0.010000, 0.010000, 0.010000;;,
      71;3; 0.010000, 0.010000, 0.010000;;,
      72;3; 0.010000, 0.010000, 0.010000;;,
      73;3; 0.010000, 0.010000, 0.010000;;,
      74;3; 0.010000, 0.010000, 0.010000;;,
      75;3; 0.010000, 0.010000, 0.010000;;,
      76;3; 0.010000, 0.010000, 0.010000;;,
      77;3; 0.010000, 0.010000, 0.010000;;,
      78;3; 0.010000, 0.010000, 0.010000;;,
      79;3; 0.010000, 0.010000, 0.010000;;,
      80;3; 0.010000, 0.010000, 0.010000;;,
      81;3; 0.010000, 0.010000, 0.010000;;,
      82;3; 0.010000, 0.010000, 0.010000;;,
      83;3; 0.010000, 0.010000, 0.010000;;,
      84;3; 0.010000, 0.010000, 0.010000;;,
      85;3; 0.010000, 0.010000, 0.010000;;,
      86;3; 0.010000, 0.010000, 0.010000;;,
      87;3; 0.010000, 0.010000, 0.010000;;,
      88;3; 0.010000, 0.010000, 0.010000;;,
      89;3; 0.010000, 0.010000, 0.010000;;,
      90;3; 0.010000, 0.010000, 0.010000;;,
      91;3; 0.010000, 0.010000, 0.010000;;,
      92;3; 0.010000, 0.010000, 0.010000;;,
      93;3; 0.010000, 0.010000, 0.010000;;,
      94;3; 0.010000, 0.010000, 0.010000;;,
      95;3; 0.010000, 0.010000, 0.010000;;,
      96;3; 0.010000, 0.010000, 0.010000;;,
      97;3; 0.010000, 0.010000, 0.010000;;,
      98;3; 0.010000, 0.010000, 0.010000;;,
      99;3; 0.010000, 0.010000, 0.010000;;,
      100;3; 0.010000, 0.010000, 0.010000;;,
      101;3; 0.010000, 0.010000, 0.010000;;,
      102;3; 0.010000, 0.010000, 0.010000;;,
      103;3; 0.010000, 0.010000, 0.010000;;,
      104;3; 0.010000, 0.010000, 0.010000;;,
      105;3; 0.010000, 0.010000, 0.010000;;,
      106;3; 0.010000, 0.010000, 0.010000;;,
      107;3; 0.010000, 0.010000, 0.010000;;,
      108;3; 0.010000, 0.010000, 0.010000;;,
      109;3; 0.010000, 0.010000, 0.010000;;,
      110;3; 0.010000, 0.010000, 0.010000;;,
      111;3; 0.010000, 0.010000, 0.010000;;,
      112;3; 0.010000, 0.010000, 0.010000;;,
      113;3; 0.010000, 0.010000, 0.010000;;,
      114;3; 0.010000, 0.010000, 0.010000;;,
      115;3; 0.010000, 0.010000, 0.010000;;,
      116;3; 0.010000, 0.010000, 0.010000;;,
      117;3; 0.010000, 0.010000, 0.010000;;,
      118;3; 0.010000, 0.010000, 0.010000;;,
      119;3; 0.010000, 0.010000, 0.010000;;,
      120;3; 0.010000, 0.010000, 0.010000;;,
      121;3; 0.010000, 0.010000, 0.010000;;,
      122;3; 0.010000, 0.010000, 0.010000;;,
      123;3; 0.010000, 0.010000, 0.010000;;,
      124;3; 0.010000, 0.010000, 0.010000;;,
      125;3; 0.010000, 0.010000, 0.010000;;,
      126;3; 0.010000, 0.010000, 0.010000;;,
      127;3; 0.010000, 0.010000, 0.010000;;,
      128;3; 0.010000, 0.010000, 0.010000;;,
      129;3; 0.010000, 0.010000, 0.010000;;,
      130;3; 0.010000, 0.010000, 0.010000;;,
      131;3; 0.010000, 0.010000, 0.010000;;,
      132;3; 0.010000, 0.010000, 0.010000;;,
      133;3; 0.010000, 0.010000, 0.010000;;,
      134;3; 0.010000, 0.010000, 0.010000;;,
      135;3; 0.010000, 0.010000, 0.010000;;,
      136;3; 0.010000, 0.010000, 0.010000;;,
      137;3; 0.010000, 0.010000, 0.010000;;,
      138;3; 0.010000, 0.010000, 0.010000;;,
      139;3; 0.010000, 0.010000, 0.010000;;,
      140;3; 0.010000, 0.010000, 0.010000;;,
      141;3; 0.010000, 0.010000, 0.010000;;,
      142;3; 0.010000, 0.010000, 0.010000;;,
      143;3; 0.010000, 0.010000, 0.010000;;,
      144;3; 0.010000, 0.010000, 0.010000;;,
      145;3; 0.010000, 0.010000, 0.010000;;,
      146;3; 0.010000, 0.010000, 0.010000;;,
      147;3; 0.010000, 0.010000, 0.010000;;,
      148;3; 0.010000, 0.010000, 0.010000;;,
      149;3; 0.010000, 0.010000, 0.010000;;,
      150;3; 0.010000, 0.010000, 0.010000;;,
      151;3; 0.010000, 0.010000, 0.010000;;,
      152;3; 0.010000, 0.010000, 0.010000;;,
      153;3; 0.010000, 0.010000, 0.010000;;,
      154;3; 0.010000, 0.010000, 0.010000;;,
      155;3; 0.010000, 0.010000, 0.010000;;,
      156;3; 0.010000, 0.010000, 0.010000;;,
      157;3; 0.010000, 0.010000, 0.010000;;,
      158;3; 0.010000, 0.010000, 0.010000;;,
      159;3; 0.010000, 0.010000, 0.010000;;,
      160;3; 0.010000, 0.010000, 0.010000;;,
      161;3; 0.010000, 0.010000, 0.010000;;,
      162;3; 0.010000, 0.010000, 0.010000;;,
      163;3; 0.010000, 0.010000, 0.010000;;,
      164;3; 0.010000, 0.010000, 0.010000;;,
      165;3; 0.010000, 0.010000, 0.010000;;,
      166;3; 0.010000, 0.010000, 0.010000;;,
      167;3; 0.010000, 0.010000, 0.010000;;,
      168;3; 0.010000, 0.010000, 0.010000;;,
      169;3; 0.010000, 0.010000, 0.010000;;,
      170;3; 0.010000, 0.010000, 0.010000;;,
      171;3; 0.010000, 0.010000, 0.010000;;,
      172;3; 0.010000, 0.010000, 0.010000;;,
      173;3; 0.010000, 0.010000, 0.010000;;,
      174;3; 0.010000, 0.010000, 0.010000;;,
      175;3; 0.010000, 0.010000, 0.010000;;,
      176;3; 0.010000, 0.010000, 0.010000;;,
      177;3; 0.010000, 0.010000, 0.010000;;,
      178;3; 0.010000, 0.010000, 0.010000;;,
      179;3; 0.010000, 0.010000, 0.010000;;,
      180;3; 0.010000, 0.010000, 0.010000;;,
      181;3; 0.010000, 0.010000, 0.010000;;,
      182;3; 0.010000, 0.010000, 0.010000;;,
      183;3; 0.010000, 0.010000, 0.010000;;,
      184;3; 0.010000, 0.010000, 0.010000;;,
      185;3; 0.010000, 0.010000, 0.010000;;,
      186;3; 0.010000, 0.010000, 0.010000;;,
      187;3; 0.010000, 0.010000, 0.010000;;,
      188;3; 0.010000, 0.010000, 0.010000;;,
      189;3; 0.010000, 0.010000, 0.010000;;,
      190;3; 0.010000, 0.010000, 0.010000;;,
      191;3; 0.010000, 0.010000, 0.010000;;,
      192;3; 0.010000, 0.010000, 0.010000;;,
      193;3; 0.010000, 0.010000, 0.010000;;,
      194;3; 0.010000, 0.010000, 0.010000;;,
      195;3; 0.010000, 0.010000, 0.010000;;,
      196;3; 0.010000, 0.010000, 0.010000;;,
      197;3; 0.010000, 0.010000, 0.010000;;,
      198;3; 0.010000, 0.010000, 0.010000;;,
      199;3; 0.010000, 0.010000, 0.010000;;,
      200;3; 0.010000, 0.010000, 0.010000;;,
      201;3; 0.010000, 0.010000, 0.010000;;,
      202;3; 0.010000, 0.010000, 0.010000;;,
      203;3; 0.010000, 0.010000, 0.010000;;,
      204;3; 0.010000, 0.010000, 0.010000;;,
      205;3; 0.010000, 0.010000, 0.010000;;,
      206;3; 0.010000, 0.010000, 0.010000;;,
      207;3; 0.010000, 0.010000, 0.010000;;,
      208;3; 0.010000, 0.010000, 0.010000;;,
      209;3; 0.010000, 0.010000, 0.010000;;,
      210;3; 0.010000, 0.010000, 0.010000;;,
      211;3; 0.010000, 0.010000, 0.010000;;,
      212;3; 0.010000, 0.010000, 0.010000;;,
      213;3; 0.010000, 0.010000, 0.010000;;,
      214;3; 0.010000, 0.010000, 0.010000;;,
      215;3; 0.010000, 0.010000, 0.010000;;,
      216;3; 0.010000, 0.010000, 0.010000;;,
      217;3; 0.010000, 0.010000, 0.010000;;,
      218;3; 0.010000, 0.010000, 0.010000;;,
      219;3; 0.010000, 0.010000, 0.010000;;,
      220;3; 0.010000, 0.010000, 0.010000;;,
      221;3; 0.010000, 0.010000, 0.010000;;,
