# 3ds Max Wavefront OBJ Exporter v0.97b - (c)2007 guruware
# çÏê¨ÇµÇΩÉtÉ@ÉCÉã : 16.02.2021 13:09:48

mtllib cource03fence.mtl

#
# object Box007
#

v  -53.4679 18.0000 6.6083
v  -52.3878 18.0000 4.9249
v  -10.3047 18.0000 31.9252
v  -11.3848 18.0000 33.6085
v  -53.4679 28.0000 6.6083
v  -11.3848 28.0000 33.6085
v  -10.3047 28.0000 31.9252
v  -52.3878 28.0000 4.9249
# 8 vertices

vn 0.0000 -1.0000 -0.0000
vn 0.0000 1.0000 -0.0000
vn -0.5400 0.0000 0.8417
vn 0.8417 0.0000 0.5400
vn 0.5400 0.0000 -0.8417
vn -0.8417 0.0000 -0.5400
# 6 vertex normals

vt 1.0000 0.0000 0.0000
vt 1.0000 1.0000 0.0000
vt 0.0000 1.0000 0.0000
vt 0.0000 0.0000 0.0000
# 4 texture coords

g Box007
usemtl wire_255255255
s 2
f 1/1/1 2/2/1 3/3/1 
f 3/3/1 4/4/1 1/1/1 
s 4
f 5/4/2 6/1/2 7/2/2 
f 7/2/2 8/3/2 5/4/2 
s 8
f 1/4/3 4/1/3 6/2/3 
f 6/2/3 5/3/3 1/4/3 
s 16
f 4/4/4 3/1/4 7/2/4 
f 7/2/4 6/3/4 4/4/4 
s 32
f 3/4/5 2/1/5 8/2/5 
f 8/2/5 7/3/5 3/4/5 
s 64
f 2/4/6 1/1/6 5/2/6 
f 5/2/6 8/3/6 2/4/6 
# 0 polygons - 12 triangles

#
# object Box008
#

v  -47.8636 18.0000 0.8786
v  -46.8153 18.0000 -0.8247
v  -4.2335 18.0000 25.3820
v  -5.2817 18.0000 27.0852
v  -47.8636 28.0000 0.8786
v  -5.2817 28.0000 27.0852
v  -4.2335 28.0000 25.3820
v  -46.8153 28.0000 -0.8247
# 8 vertices

vn 0.0000 -1.0000 -0.0000
vn 0.0000 1.0000 -0.0000
vn -0.5241 0.0000 0.8516
vn 0.8516 0.0000 0.5241
vn 0.5241 0.0000 -0.8516
vn -0.8516 0.0000 -0.5241
# 6 vertex normals

vt 1.0000 0.0000 0.0000
vt 1.0000 1.0000 0.0000
vt 0.0000 1.0000 0.0000
vt 0.0000 0.0000 0.0000
# 4 texture coords

g Box008
usemtl wire_255255255
s 2
f 9/5/7 10/6/7 11/7/7 
f 11/7/7 12/8/7 9/5/7 
s 4
f 13/8/8 14/5/8 15/6/8 
f 15/6/8 16/7/8 13/8/8 
s 8
f 9/8/9 12/5/9 14/6/9 
f 14/6/9 13/7/9 9/8/9 
s 16
f 12/8/10 11/5/10 15/6/10 
f 15/6/10 14/7/10 12/8/10 
s 32
f 11/8/11 10/5/11 16/6/11 
f 16/6/11 15/7/11 11/8/11 
s 64
f 10/8/12 9/5/12 13/6/12 
f 13/6/12 16/7/12 10/8/12 
# 0 polygons - 12 triangles

#
# object Box009
#

v  -70.4237 18.0000 -15.4107
v  -68.8377 18.0000 -16.6292
v  -51.7791 18.0000 5.5745
v  -53.3651 18.0000 6.7930
v  -70.4237 28.0000 -15.4107
v  -53.3651 28.0000 6.7930
v  -51.7791 28.0000 5.5745
v  -68.8377 28.0000 -16.6292
# 8 vertices

vn 0.0000 -1.0000 -0.0000
vn 0.0000 1.0000 -0.0000
vn -0.7930 0.0000 0.6092
vn 0.6092 0.0000 0.7930
vn 0.7930 0.0000 -0.6092
vn -0.6092 0.0000 -0.7930
# 6 vertex normals

vt 1.0000 0.0000 0.0000
vt 1.0000 1.0000 0.0000
vt 0.0000 1.0000 0.0000
vt 0.0000 0.0000 0.0000
# 4 texture coords

g Box009
usemtl wire_255255255
s 2
f 17/9/13 18/10/13 19/11/13 
f 19/11/13 20/12/13 17/9/13 
s 4
f 21/12/14 22/9/14 23/10/14 
f 23/10/14 24/11/14 21/12/14 
s 8
f 17/12/15 20/9/15 22/10/15 
f 22/10/15 21/11/15 17/12/15 
s 16
f 20/12/16 19/9/16 23/10/16 
f 23/10/16 22/11/16 20/12/16 
s 32
f 19/12/17 18/9/17 24/10/17 
f 24/10/17 23/11/17 19/12/17 
s 64
f 18/12/18 17/9/18 21/10/18 
f 21/10/18 24/11/18 18/12/18 
# 0 polygons - 12 triangles

#
# object Box010
#

v  -61.3579 18.0000 -18.9769
v  -59.7017 18.0000 -20.0981
v  -46.2474 18.0000 -0.2239
v  -47.9036 18.0000 0.8973
v  -61.3579 28.0000 -18.9769
v  -47.9036 28.0000 0.8973
v  -46.2474 28.0000 -0.2239
v  -59.7017 28.0000 -20.0981
# 8 vertices

vn 0.0000 -1.0000 -0.0000
vn 0.0000 1.0000 -0.0000
vn -0.8281 0.0000 0.5606
vn 0.5606 0.0000 0.8281
vn 0.8281 0.0000 -0.5606
vn -0.5606 0.0000 -0.8281
# 6 vertex normals

vt 1.0000 0.0000 0.0000
vt 1.0000 1.0000 0.0000
vt 0.0000 1.0000 0.0000
vt 0.0000 0.0000 0.0000
# 4 texture coords

g Box010
usemtl wire_255255255
s 2
f 25/13/19 26/14/19 27/15/19 
f 27/15/19 28/16/19 25/13/19 
s 4
f 29/16/20 30/13/20 31/14/20 
f 31/14/20 32/15/20 29/16/20 
s 8
f 25/16/21 28/13/21 30/14/21 
f 30/14/21 29/15/21 25/16/21 
s 16
f 28/16/22 27/13/22 31/14/22 
f 31/14/22 30/15/22 28/16/22 
s 32
f 27/16/23 26/13/23 32/14/23 
f 32/14/23 31/15/23 27/16/23 
s 64
f 26/16/24 25/13/24 29/14/24 
f 29/14/24 32/15/24 26/16/24 
# 0 polygons - 12 triangles

#
# object Box011
#

v  -63.4857 18.0000 -39.8761
v  -61.4961 18.0000 -40.0796
v  -59.3594 18.0000 -19.1886
v  -61.3490 18.0000 -18.9851
v  -63.4857 28.0000 -39.8761
v  -61.3490 28.0000 -18.9851
v  -59.3594 28.0000 -19.1886
v  -61.4961 28.0000 -40.0796
# 8 vertices

vn 0.0000 -1.0000 -0.0000
vn 0.0000 1.0000 -0.0000
vn -0.9948 0.0000 0.1017
vn 0.1017 0.0000 0.9948
vn 0.9948 0.0000 -0.1017
vn -0.1017 0.0000 -0.9948
# 6 vertex normals

vt 1.0000 0.0000 0.0000
vt 1.0000 1.0000 0.0000
vt 0.0000 1.0000 0.0000
vt 0.0000 0.0000 0.0000
# 4 texture coords

g Box011
usemtl wire_255255255
s 2
f 33/17/25 34/18/25 35/19/25 
f 35/19/25 36/20/25 33/17/25 
s 4
f 37/20/26 38/17/26 39/18/26 
f 39/18/26 40/19/26 37/20/26 
s 8
f 33/20/27 36/17/27 38/18/27 
f 38/18/27 37/19/27 33/20/27 
s 16
f 36/20/28 35/17/28 39/18/28 
f 39/18/28 38/19/28 36/20/28 
s 32
f 35/20/29 34/17/29 40/18/29 
f 40/18/29 39/19/29 35/20/29 
s 64
f 34/20/30 33/17/30 37/18/30 
f 37/18/30 40/19/30 34/20/30 
# 0 polygons - 12 triangles

#
# object Box012
#

v  -74.5704 18.0000 -38.9187
v  -72.5989 18.0000 -39.2551
v  -68.5627 18.0000 -15.5969
v  -70.5343 18.0000 -15.2606
v  -74.5704 28.0000 -38.9187
v  -70.5343 28.0000 -15.2606
v  -68.5627 28.0000 -15.5969
v  -72.5989 28.0000 -39.2551
# 8 vertices

vn 0.0000 -1.0000 -0.0000
vn 0.0000 1.0000 -0.0000
vn -0.9858 0.0000 0.1682
vn 0.1682 0.0000 0.9858
vn 0.9858 0.0000 -0.1682
vn -0.1682 0.0000 -0.9858
# 6 vertex normals

vt 1.0000 0.0000 0.0000
vt 1.0000 1.0000 0.0000
vt 0.0000 1.0000 0.0000
vt 0.0000 0.0000 0.0000
# 4 texture coords

g Box012
usemtl wire_255255255
s 2
f 41/21/31 42/22/31 43/23/31 
f 43/23/31 44/24/31 41/21/31 
s 4
f 45/24/32 46/21/32 47/22/32 
f 47/22/32 48/23/32 45/24/32 
s 8
f 41/24/33 44/21/33 46/22/33 
f 46/22/33 45/23/33 41/24/33 
s 16
f 44/24/34 43/21/34 47/22/34 
f 47/22/34 46/23/34 44/24/34 
s 32
f 43/24/35 42/21/35 48/22/35 
f 48/22/35 47/23/35 43/24/35 
s 64
f 42/24/36 41/21/36 45/22/36 
f 45/22/36 48/23/36 42/24/36 
# 0 polygons - 12 triangles

#
# object Box013
#

v  -12.0253 18.0000 32.8970
v  -10.5954 18.0000 31.4987
v  7.5832 18.0000 50.0873
v  6.1533 18.0000 51.4857
v  -12.0253 28.0000 32.8970
v  6.1533 28.0000 51.4857
v  7.5832 28.0000 50.0873
v  -10.5954 28.0000 31.4987
# 8 vertices

vn 0.0000 -1.0000 -0.0000
vn 0.0000 1.0000 -0.0000
vn -0.7149 0.0000 0.6992
vn 0.6992 0.0000 0.7149
vn 0.7149 0.0000 -0.6992
vn -0.6992 0.0000 -0.7149
# 6 vertex normals

vt 1.0000 0.0000 0.0000
vt 1.0000 1.0000 0.0000
vt 0.0000 1.0000 0.0000
vt 0.0000 0.0000 0.0000
# 4 texture coords

g Box013
usemtl wire_255255255
s 2
f 49/25/37 50/26/37 51/27/37 
f 51/27/37 52/28/37 49/25/37 
s 4
f 53/28/38 54/25/38 55/26/38 
f 55/26/38 56/27/38 53/28/38 
s 8
f 49/28/39 52/25/39 54/26/39 
f 54/26/39 53/27/39 49/28/39 
s 16
f 52/28/40 51/25/40 55/26/40 
f 55/26/40 54/27/40 52/28/40 
s 32
f 51/28/41 50/25/41 56/26/41 
f 56/26/41 55/27/41 51/28/41 
s 64
f 50/28/42 49/25/42 53/26/42 
f 53/26/42 56/27/42 50/28/42 
# 0 polygons - 12 triangles

#
# object Box014
#

v  -5.7945 18.0000 26.5640
v  -4.3948 18.0000 25.1353
v  14.1773 18.0000 43.3308
v  12.7777 18.0000 44.7594
v  -5.7945 28.0000 26.5640
v  12.7777 28.0000 44.7594
v  14.1773 28.0000 43.3308
v  -4.3948 28.0000 25.1353
# 8 vertices

vn 0.0000 -1.0000 -0.0000
vn 0.0000 1.0000 -0.0000
vn -0.6998 0.0000 0.7143
vn 0.7143 0.0000 0.6998
vn 0.6998 0.0000 -0.7143
vn -0.7143 0.0000 -0.6998
# 6 vertex normals

vt 1.0000 0.0000 0.0000
vt 1.0000 1.0000 0.0000
vt 0.0000 1.0000 0.0000
vt 0.0000 0.0000 0.0000
# 4 texture coords

g Box014
usemtl wire_255255255
s 2
f 57/29/43 58/30/43 59/31/43 
f 59/31/43 60/32/43 57/29/43 
s 4
f 61/32/44 62/29/44 63/30/44 
f 63/30/44 64/31/44 61/32/44 
s 8
f 57/32/45 60/29/45 62/30/45 
f 62/30/45 61/31/45 57/32/45 
s 16
f 60/32/46 59/29/46 63/30/46 
f 63/30/46 62/31/46 60/32/46 
s 32
f 59/32/47 58/29/47 64/30/47 
f 64/30/47 63/31/47 59/32/47 
s 64
f 58/32/48 57/29/48 61/30/48 
f 61/30/48 64/31/48 58/32/48 
# 0 polygons - 12 triangles

